400 0.000000 0.000000 0.000000
404 0.000218 0.000000 0.004917
408 0.000297 0.000000 0.009418
412 0.000354 0.000000 0.031409
416 0.001094 0.000000 0.077593
420 0.002542 0.000000 0.146712
424 0.004134 0.000000 0.219794
428 0.005333 0.000000 0.298201
432 0.005614 0.000000 0.364871
436 0.004597 0.000000 0.410955
440 0.003168 0.000000 0.438558
444 0.002077 0.000000 0.468082
448 0.001852 0.000000 0.489644
452 0.001442 0.000000 0.508485
456 0.000784 0.000000 0.520178
460 0.000320 0.000000 0.515422
464 0.000065 0.005961 0.507587
468 0.000007 0.020578 0.498081
472 0.000000 0.041957 0.480680
476 0.000000 0.067264 0.457811
480 0.000000 0.096135 0.436325
484 0.000000 0.123689 0.403374
488 0.000000 0.152041 0.367918
492 0.000000 0.182066 0.325179
496 0.000000 0.220130 0.282778
500 0.000000 0.264438 0.236417
504 0.000000 0.314491 0.191334
508 0.000000 0.364174 0.141411
512 0.000000 0.416056 0.094230
516 0.000000 0.462595 0.054556
520 0.000000 0.500510 0.026872
524 0.000000 0.523230 0.008739
528 0.000000 0.538069 0.000181
532 0.000000 0.542459 0.000000
536 0.000000 0.538665 0.000000
540 0.000000 0.530766 0.000000
544 0.000000 0.523102 0.000000
548 0.000000 0.508556 0.000000
552 0.000000 0.485191 0.000000
556 0.000000 0.455786 0.000000
560 0.000000 0.422011 0.000000
564 0.050647 0.387198 0.000000
568 0.180850 0.351046 0.000000
572 0.381821 0.318238 0.000000
576 0.583419 0.284271 0.000000
580 0.743511 0.248628 0.000000
584 0.852201 0.213168 0.000000
588 0.928868 0.177485 0.000000
592 0.971689 0.142815 0.000000
596 1.000000 0.112392 0.000000
600 0.994418 0.086937 0.000000
604 0.977301 0.065217 0.000000
608 0.938977 0.048260 0.000000
612 0.890121 0.035224 0.000000
616 0.830606 0.026506 0.000000
620 0.777929 0.021041 0.000000
624 0.719762 0.016964 0.000000
628 0.672562 0.014602 0.000000
632 0.618224 0.011700 0.000000
636 0.578328 0.008563 0.000000
640 0.526893 0.005860 0.000000
644 0.475162 0.003368 0.000000
648 0.426394 0.001594 0.000000
652 0.380004 0.000714 0.000000
656 0.336635 0.000259 0.000000
660 0.294303 0.000111 0.000000
664 0.258678 0.000052 0.000000
668 0.226777 0.000036 0.000000
672 0.195487 0.000022 0.000000
676 0.162056 0.000098 0.000000
680 0.126790 0.000093 0.000000
684 0.093256 0.000175 0.000000
688 0.064427 0.000175 0.000000
692 0.042522 0.000257 0.000000
696 0.027907 0.000172 0.000000
700 0.014333 0.000168 0.000000