400
400.8
401.6
402.5
403.3
404.2
405
405.9
406.7
407.6
408.4
409.3
410.1
411
411.8
412.7
413.5
414.3
415.2
416
416.9
417.7
418.6
419.4
420.3
421.1
422
422.8
423.7
424.5
425.4
426.2
427
427.9
428.7
429.6
430.4
431.3
432.1
433
433.8
434.7
435.5
436.4
437.2
438.1
438.9
439.7
440.6
441.4
442.3
443.1
444
444.8
445.7
446.5
447.4
448.2
449.1
449.9
450.7
451.6
452.4
453.3
454.1
455
455.8
456.7
457.5
458.4
459.2
460.1
460.9
461.8
462.6
463.4
464.3
465.1
466
466.8
467.7
468.5
469.4
470.2
471.1
471.9
472.8
473.6
474.5
475.3
476.1
477
477.8
478.7
479.5
480.4
481.2
482.1
482.9
483.8
484.6
485.5
486.3
487.2
488
488.8
489.7
490.5
491.4
492.2
493.1
493.9
494.8
495.6
496.5
497.3
498.2
499
499.9
500.7
501.5
502.4
503.2
504.1
504.9
505.8
506.6
507.5
508.3
509.2
510
510.9
511.7
512.5
513.3
514.1
514.9
515.7
516.5
517.3
518
518.8
519.6
520.4
521.2
522
522.8
523.6
524.3
525.1
525.9
526.7
527.5
528.3
529.1
529.9
530.6
531.4
532.2
533
533.8
534.6
535.4
536.2
536.9
537.7
538.5
539.3
540.1
540.9
541.7
542.5
543.2
544
544.8
545.6
546.4
547.2
548
548.8
549.5
550.3
551.1
551.9
552.7
553.5
554.3
555.1
555.8
556.6
557.4
558.2
559
559.8
560.6
561.4
562.1
562.9
563.7
564.5
565.3
566.1
566.9
567.7
568.4
569.2
570
570.8
571.6
572.4
573.2
574
574.7
575.5
576.3
577.1
577.9
578.7
579.5
580.3
581
581.8
582.6
583.4
584.2
585
585.8
586.6
587.3
588.1
588.9
589.6
590.4
591.1
591.9
592.6
593.4
594.1
594.9
595.6
596.3
597.1
597.8
598.6
599.3
600.1
600.8
601.6
602.3
603.1
603.8
604.6
605.3
606.1
606.8
607.6
608.3
609.1
609.8
610.6
611.3
612
612.8
613.5
614.3
615
615.8
616.5
617.3
618
618.8
619.5
620.3
621
621.8
622.5
623.3
624
624.8
625.5
626.3
627
627.7
628.5
629.2
630
630.7
631.5
632.2
633
633.7
634.5
635.2
636
636.7
637.5
638.2
639
639.7
640.5
641.2
642
642.7
643.4
644.2
644.9
645.7
646.4
647.2
647.9
648.7
649.4
650.2
650.9
651.7
652.4
653.2
653.9
654.7
655.4
656.2
656.9
657.7
658.4
659.1
659.9
660.6
661.4
662.1
662.9
663.6
664.4
665.1
665.9
666.6
667.4
668.1
668.9
669.7
670.4
671.2
672
672.7
673.5
674.2
675
675.8
676.5
677.3
678.1
678.8
679.6
680.4
681.1
681.9
682.7
683.4
684.2
685
685.7
686.5
687.2
688
688.8
689.5
690.3
691.1
691.8
692.6
693.4
694.1
694.9
695.7
696.4
697.2
698
698.7
700.5