0.03579808923	0.01831099582	0.02034192925	0.01909899714	0.02491637208	0.0206771191	0.02202258335	0.01930490917	0.01919932521	0.02346549342	0.02321524546	0.02350465824	0.02198799624	0.01918792333	0.03395518086	0.0324386884
0.03702050643	0.01895272246	0.0205318193	0.01948301586	0.02579291812	0.02126289599	0.02203275603	0.01944308809	0.01905351678	0.02318828785	0.0231804888	0.02258063969	0.0225763163	0.01940239736	0.03533357917	0.03409005366
0.03730364606	0.01908835821	0.02092346753	0.01912019023	0.0267508456	0.0205541992	0.02222942787	0.019461738	0.01915609132	0.02329171011	0.02310843231	0.02300958775	0.02296626908	0.01929473649	0.03602447378	0.03513105804
0.03887023897	0.01962242398	0.02081241576	0.01930499394	0.02746886736	0.02082123208	0.02230148436	0.01960669871	0.01848299891	0.02296703204	0.0229058264	0.02349702873	0.02329857667	0.01954905352	0.03720111391	0.03589824776
0.03992226376	0.01968006917	0.02079376584	0.01945504099	0.02769690496	0.02054063562	0.02305680595	0.0203586294	0.01915524359	0.02338072107	0.02351618728	0.02426082755	0.02301289387	0.01972368455	0.03789794258	0.03624496664
0.04151683155	0.01942490442	0.02011389164	0.02000775667	0.02815891424	0.02118066682	0.02339759077	0.02104782856	0.01942481965	0.02355704755	0.02448683062	0.0248813611	0.02350372574	0.02006277392	0.03886773819	0.03719441689
0.04318006494	0.01904681977	0.02029276129	0.02025444419	0.02905326246	0.0215562083	0.02377143681	0.02127332299	0.02005806906	0.0241953833	0.0253506608	0.02478556836	0.02382670837	0.01991781321	0.04040550851	0.03850245416
0.04535108466	0.01951137221	0.02070984122	0.02077494638	0.02961191221	0.0213281707	0.02402575384	0.02082063867	0.02023270008	0.02502615227	0.0254735807	0.02529589787	0.02446843502	0.02050528556	0.04299360817	0.0408260641
0.04879114638	0.02052185855	0.02182035893	0.02103265431	0.0306605461	0.0214078567	0.02470562804	0.02077231844	0.02051244882	0.02643930724	0.02515568441	0.02563074862	0.02493722608	0.02091388825	0.04580974543	0.04322257827
0.05268897875	0.02078380509	0.02240952672	0.02091990709	0.03159049872	0.02186901825	0.02534226834	0.02123178454	0.0210905962	0.02731500555	0.02569398879	0.02626823665	0.02499995761	0.02149288336	0.04866742114	0.04653209057
0.05840941651	0.02081856175	0.02263841204	0.02054182244	0.03368522333	0.02235306834	0.02586277053	0.02147338572	0.02087951307	0.02756762714	0.02606444394	0.02734908403	0.02595364648	0.02105800124	0.05310694879	0.05121915346
0.06576087417	0.0211313717	0.02264180294	0.02083428702	0.03607919432	0.02271165535	0.02687495232	0.02199812653	0.0206853844	0.02817120623	0.02759034613	0.02868085756	0.02624441562	0.02128010478	0.05979887761	0.05725748752
0.07528335156	0.02192399312	0.02272657528	0.02087497775	0.03850029246	0.02302700847	0.02840848402	0.02219734154	0.02086425405	0.02912828599	0.02858981206	0.03046701084	0.02820943855	0.02104782856	0.06848719514	0.0646496359
0.08211515475	0.02191127726	0.02258161457	0.02112844706	0.04037206582	0.02356022651	0.02889422955	0.02266867577	0.02182981104	0.0303549418	0.03013266872	0.03106465587	0.02872994074	0.02156409213	0.07429918703	0.07076087417
0.08661995711	0.02186295703	0.02272148894	0.02122254436	0.04129947526	0.02387981825	0.02914685113	0.02279498656	0.02248340581	0.0306694472	0.03053194646	0.03116299179	0.02976416334	0.021089367	0.07788166629	0.07552423217
0.09014733433	0.0220426744	0.02311568034	0.02163877657	0.04340013394	0.02438930003	0.02910531268	0.02296114036	0.02250883752	0.03153412511	0.03122284106	0.0315758331	0.02928265643	0.02177771844	0.08154807016	0.07908297517
0.09739028339	0.02263777625	0.02405580563	0.02201431805	0.04653501522	0.02494286344	0.03014970796	0.02372324373	0.02209090986	0.03268872443	0.03206293499	0.03269737121	0.03030585862	0.02161410781	0.08848075244	0.0864657986
0.1050231852	0.02266575113	0.02436776786	0.02206179056	0.04951137221	0.02570327136	0.03101269042	0.02419203479	0.02237404949	0.03353983876	0.03311919839	0.03366716682	0.03098827598	0.02186503395	0.09571607199	0.0940503802
0.1112836228	0.02279969143	0.02448390597	0.02217284233	0.05111441723	0.02556170155	0.03180361639	0.02484308639	0.02216296635	0.03428668311	0.03420428439	0.03444113832	0.03238701966	0.02221514373	0.1008422556	0.1001344913
0.1146117851	0.02241567271	0.02475772064	0.02208467909	0.0510805083	0.02530738452	0.03228173241	0.02460233293	0.0228699677	0.03497079593	0.034472165	0.03475903461	0.03292617177	0.02306625806	0.1032998059	0.1019147105
0.1197617049	0.02310063325	0.02497643329	0.02244750473	0.05206980155	0.02538198418	0.03288955011	0.02478374575	0.02307681222	0.03620847215	0.03476802048	0.03537872045	0.03391716047	0.023602867	0.1083039173	0.1058023702
0.128865407	0.02361774455	0.0256893687	0.0229637683	0.05545899986	0.02588129329	0.03438323881	0.02544920865	0.02368632537	0.03812517484	0.03547671728	0.03654434017	0.03486067665	0.0238453159	0.1170566618	0.1145525716
0.1422178988	0.02452311318	0.02521888219	0.02378182142	0.06100819749	0.02649504506	0.03555309716	0.02640628841	0.02366343684	0.0387202767	0.03699329451	0.03878572095	0.03565753669	0.02344773361	0.1305973483	0.1278508092
0.1547192764	0.02448327018	0.02581483177	0.02391830489	0.06611996982	0.02707997423	0.03677042802	0.02736845452	0.0238753677	0.04027500148	0.03878622958	0.04080499818	0.03674431813	0.0231578122	0.1412795114	0.1399690157
0.1586832312	0.02456549935	0.02541301086	0.02418194688	0.06705924739	0.02723256445	0.03651272009	0.02719975755	0.02405169418	0.04032586489	0.03908123734	0.0411712147	0.03627807024	0.02329683884	0.1436200758	0.1438100506
0.1584195892	0.02394072718	0.02626921153	0.02417601282	0.06586480507	0.02754791757	0.03658731975	0.02627658673	0.02438739266	0.04104558209	0.03863363936	0.04052948806	0.03655103719	0.02348418572	0.1418635928	0.1424596272
0.1591452405	0.02369403966	0.02613357578	0.02423026712	0.06603774065	0.02721391453	0.03634402313	0.02672588015	0.02409492807	0.04058357282	0.03856582149	0.03992675669	0.03596526029	0.0240767444	0.1419407357	0.1431454354
0.1655447047	0.02346345888	0.02613611895	0.02402935666	0.0684774887	0.02713422853	0.03710866967	0.02643002467	0.02331926112	0.04145418479	0.03935589973	0.0403285776	0.03707069166	0.02380462518	0.1481748938	0.1479401592
0.1724019396	0.02383476175	0.0260945805	0.0244320253	0.07216508566	0.02764371032	0.03779363021	0.02730148436	0.02335995185	0.04233920806	0.04049693548	0.04131108907	0.03788196299	0.02397247442	0.1546837144	0.1554637047
0.1819481532	0.02457906293	0.02659049872	0.02457359511	0.07603409544	0.02841513865	0.03903978366	0.02667501674	0.02357018726	0.04408382289	0.04200673092	0.04288022516	0.03944177412	0.02410641472	0.1640442766	0.1648361351
0.1913841628	0.02446631571	0.02717288472	0.02484147572	0.08026253995	0.02850584505	0.03994430457	0.02757445131	0.02408984173	0.04594457584	0.04329611827	0.04420521689	0.03992328103	0.02442939735	0.1717271941	0.1755555979
0.2041245984	0.02446377254	0.02683040445	0.02424552614	0.08446385731	0.02851177912	0.04125403728	0.02815429414	0.02408390767	0.04698897112	0.04454227173	0.04539881149	0.04079897934	0.02438870663	0.1826390902	0.1855070234
0.2099916923	0.02395768165	0.02713049855	0.02436251197	0.08720454719	0.02799297237	0.04258157219	0.02843319515	0.02443316972	0.04776039945	0.0456044692	0.04627196663	0.04132456787	0.02473627324	0.1882586489	0.1913656401
0.2139581903	0.02433830947	0.02762472131	0.0247940032	0.08880674449	0.02866945568	0.04325296915	0.02842471792	0.02563693701	0.04843349186	0.04664716903	0.0472688894	0.04210786433	0.02458198757	0.1933517713	0.1946370048
0.2192835889	0.0245926265	0.02800365369	0.02551117723	0.09127531514	0.0287644007	0.04400235667	0.02796270865	0.02574035927	0.05023151327	0.04795520629	0.04880750744	0.0426961844	0.02506942855	0.1982177039	0.2013475836
0.2286941668	0.02498257928	0.02774255487	0.02585280978	0.09533760586	0.03008939244	0.04467460136	0.02822635064	0.02585819282	0.05186253317	0.04902757644	0.04989089799	0.04385163144	0.02548905165	0.2056768224	0.2097993862
0.2353682934	0.02512753999	0.02733734307	0.02573836712	0.09814441817	0.02975369395	0.04598857269	0.02856544001	0.02549706264	0.05181166976	0.04944380865	0.05079457118	0.04470105033	0.02582135924	0.2116210591	0.2158826496
0.2366390309	0.02602697456	0.02804264897	0.02561968583	0.09995091681	0.02995884303	0.04639971856	0.0294258793	0.02568271407	0.05155820045	0.04952095148	0.05039614116	0.04527834999	0.02574845502	0.2133232878	0.2169338267
0.2420008816	0.02656697439	0.02858519197	0.0256798742	0.1016573841	0.02983422768	0.04679051906	0.0297514051	0.02582089299	0.05300780753	0.05095275637	0.05115146275	0.04589888355	0.02563231691	0.2185198325	0.2214030247
0.252338869	0.0269399727	0.02936848842	0.02611645177	0.1068166289	0.03075315989	0.04739409815	0.02995062011	0.02560133262	0.05498469859	0.05303985148	0.0524951044	0.04673050024	0.02597394946	0.226978417	0.2311323466
0.2670621297	0.02688826157	0.02916418708	0.02692517993	0.1133839424	0.03176195078	0.04855463154	0.03022273933	0.02584208608	0.05816705238	0.05601790392	0.05516289006	0.04810381221	0.02654446733	0.2398273611	0.2438507413
0.2802586404	0.02686876393	0.02922352772	0.02770254232	0.1201742072	0.03227312801	0.0509113027	0.03077884591	0.02591499029	0.06031009723	0.05755906513	0.05802141349	0.0497670456	0.02627828217	0.25213461	0.2564148504
0.2863300357	0.02717903071	0.02931847274	0.02856213389	0.1234337038	0.03327344167	0.05222273086	0.03108911269	0.02657197596	0.06250993956	0.05847375872	0.05948204098	0.05086823835	0.0263299933	0.2593953613	0.2632441104
0.2903940219	0.02697896798	0.02996359028	0.02826288752	0.1254614583	0.03315560811	0.05360367234	0.03102214254	0.02639056314	0.06294397396	0.05859922179	0.06026788061	0.05150148775	0.02625708909	0.2632753914	0.2679540619
0.2897641633	0.02725363038	0.0297618321	0.02736006205	0.1262116935	0.03344298636	0.05306197706	0.03087294321	0.02652196028	0.06312369133	0.0587840255	0.0600686656	0.05175495706	0.02709379212	0.2630507447	0.2674047371
0.2956397345	0.02745877945	0.03005344896	0.02644706391	0.1284310335	0.0332742894	0.05381984181	0.03127476412	0.02655926011	0.06403584175	0.05990217272	0.06060951315	0.05229495689	0.02690898841	0.2665001314	0.2698538101
0.2981617117	0.02742063189	0.02945495622	0.02644706391	0.1287056959	0.03344552953	0.05416486525	0.03147313141	0.02670676399	0.06486745844	0.05942490442	0.06018734688	0.05246704475	0.02696663361	0.2677157668	0.2723139035
0.2976064529	0.02732229597	0.03002632181	0.0268336258	0.1287031527	0.03293350457	0.05461670185	0.03113912837	0.02635241559	0.06475471122	0.05909090138	0.05997372057	0.05250688775	0.02604685367	0.2671825488	0.2715848614
0.2953370972	0.0266432695	0.02960839416	0.02736599612	0.1281038122	0.03221039648	0.05345277757	0.03067966227	0.02560641896	0.06440714461	0.05779642769	0.05985249612	0.05283156583	0.02625539364	0.2659143545	0.2707532447
0.2941731729	0.02650848147	0.03011702822	0.02736006205	0.1287913159	0.03262662869	0.05332816222	0.03066525097	0.02555301239	0.06462840043	0.05847630189	0.06029924637	0.05282393632	0.0261528191	0.2661525648	0.2693265261
0.2965646008	0.02623890542	0.0297508117	0.02742618448	0.129618694	0.03262578097	0.05302637268	0.03105011741	0.02572170935	0.06545323534	0.05899765181	0.06054508617	0.05321134593	0.02617994625	0.2680260336	0.2708388647
0.2994087129	0.02633045955	0.03020095284	0.02724053305	0.1312497139	0.03284873223	0.05421911955	0.0311798191	0.02637276095	0.06569992286	0.06036587744	0.06093080034	0.05343175402	0.02671485974	0.2709201614	0.2733828828
0.2991874571	0.02647881115	0.030387452	0.02747365699	0.1322796979	0.03163479227	0.05357400202	0.03098145181	0.02670422082	0.06654510313	0.05995049295	0.06139789595	0.0535105923	0.0269267906	0.2710956402	0.2741475293
0.2968952129	0.02649237473	0.03077486161	0.02788225969	0.1314446903	0.03219005112	0.05335613709	0.03090261353	0.02674915016	0.06614158677	0.05931893899	0.06156489747	0.05258063969	0.02749306986	0.2705090155	0.2733625374
0.2904838805	0.02629655061	0.02981354323	0.02745246391	0.1285302171	0.03164242178	0.05156404974	0.0303227707	0.02655926011	0.06521248188	0.05765231471	0.06011020405	0.0516515348	0.02684032281	0.2650140722	0.2680269661
0.2849592669	0.02596169986	0.02910230326	0.02727189882	0.1246917254	0.03192980002	0.05063494486	0.03011846935	0.02599806719	0.06274984529	0.05686308419	0.05826216695	0.05080720226	0.02619096666	0.258997779	0.2623768894
0.2768295991	0.0262346668	0.02851822182	0.02648012512	0.1209091834	0.0308548867	0.04838847774	0.02925633461	0.02597348321	0.06056102337	0.05514898739	0.05570543306	0.04904563295	0.02601803108	0.2495049719	0.2526941922
0.2688872782	0.02661868552	0.02902176954	0.02648945008	0.1180777871	0.03106681756	0.04806803828	0.02934110696	0.02619643448	0.05878758594	0.05318735536	0.05472885566	0.04815128472	0.02593495418	0.2405428397	0.2446840535
0.2591808448	0.02640675466	0.02925404576	0.0258392462	0.1142045387	0.03057852886	0.04614116291	0.02881636615	0.02597602638	0.05754821427	0.05112230106	0.05310376983	0.04674321609	0.02603922416	0.2313848834	0.2348886091
0.2501873469	0.02610666056	0.02936848842	0.02609695413	0.1110823733	0.03057937658	0.04531208938	0.02882314794	0.02572086163	0.05700990989	0.04986427948	0.05248832261	0.04666607326	0.02596886312	0.2237952154	0.2291223943
0.24176691	0.02542678637	0.02871319821	0.02574430118	0.1073269585	0.03026232802	0.04353187016	0.0287748277	0.02494858557	0.05605452557	0.04877071624	0.05055212228	0.04512830294	0.02547379263	0.2177492519	0.2219235269
0.2349291727	0.02504361537	0.02834104762	0.02617240152	0.10456338	0.03004276765	0.04262056747	0.02885281826	0.02441960615	0.05504234379	0.04744487678	0.04951450879	0.04414833465	0.02509401253	0.2132173224	0.2168541407
0.2297962073	0.02492832498	0.027834109	0.02608678145	0.1017777608	0.02963162178	0.04161177657	0.02846456092	0.02436535185	0.05317226588	0.04612327594	0.04852097692	0.04311835067	0.0250821444	0.2078436035	0.2112184753
0.2259051567	0.0250122496	0.02811301001	0.02634703254	0.09997465307	0.02950615871	0.04046480676	0.02811190797	0.02428566584	0.0528509787	0.04578757746	0.04873545095	0.04209769165	0.02523897324	0.2044204963	0.2074266083
0.2232526301	0.02536151166	0.02800026279	0.02601557268	0.09909556386	0.02947903156	0.04014521503	0.02799661758	0.02496893094	0.0522397701	0.04571891186	0.04842603189	0.04137458356	0.02478883209	0.2003819418	0.2032727635
0.2207442164	0.02555140171	0.0282393208	0.0261283199	0.09707713436	0.02959093105	0.04010961064	0.02828484355	0.02540550851	0.0527933335	0.04528911608	0.04783516865	0.04116689131	0.02426748218	0.1983855531	0.1999624035
0.2190784399	0.02576926663	0.02778324559	0.02628430101	0.09631587871	0.02905516984	0.03994939091	0.02845014962	0.02553521019	0.05237540585	0.04468977561	0.0472400668	0.0418137043	0.02430393428	0.1966756949	0.1974336444
0.218786823	0.0256378695	0.02771288455	0.02647673423	0.09514178175	0.02890427507	0.03966540356	0.0283840272	0.02524867967	0.05276535863	0.04487542704	0.04716122852	0.04257495995	0.02479815705	0.1975463069	0.1967512271
0.2177644685	0.02537422751	0.02817998016	0.02611475632	0.09557496842	0.02839225011	0.03914066275	0.02820261438	0.02497062638	0.05257462086	0.0448160864	0.04772496461	0.04291998338	0.02502619465	0.1977489128	0.1973497198
0.2185036834	0.02526910981	0.02862079635	0.02558069056	0.09615820215	0.02897463611	0.03895331587	0.02820854844	0.02470867984	0.05252969151	0.04509244424	0.04756304943	0.04276230683	0.02472525283	0.1976751609	0.1978413994
0.2171363055	0.02515975348	0.02910654188	0.02519667184	0.09648372795	0.02923234404	0.03838025483	0.02823398015	0.02474258878	0.05229487212	0.04419555284	0.04757661301	0.04236133364	0.02484986818	0.1968037012	0.1975769097
0.2187401982	0.02465790121	0.02839021558	0.02570784907	0.09662021142	0.02992832498	0.03812169918	0.02779909802	0.02457304409	0.05237031951	0.04380136144	0.0467407577	0.0420993871	0.02473796869	0.1968181125	0.197744759
0.218354484	0.02479438468	0.02862079635	0.0262368285	0.09673550181	0.03010041284	0.03824800997	0.02783639785	0.02477904089	0.05220077482	0.04302908539	0.04699337928	0.04161788018	0.02478120258	0.1975564796	0.1989637853
0.220763714	0.02522418046	0.02842921085	0.02646995244	0.098380933	0.02930609598	0.03856081992	0.02757529903	0.02551316938	0.0526593932	0.04350465824	0.047457084	0.04189847664	0.02425137543	0.198707688	0.2006973797
0.222026822	0.02544034994	0.02894971305	0.02649284098	0.09921170197	0.02903482448	0.03876681671	0.02816192365	0.02533260429	0.05313920467	0.043296966	0.04780549833	0.04208073718	0.02437175216	0.2003760077	0.2011543026
0.2254219543	0.02594644083	0.02919300967	0.02701419089	0.1000068666	0.02908653561	0.03872612599	0.02813903512	0.02566830277	0.05389367853	0.04449564694	0.04819375567	0.04292591745	0.02482697965	0.2021452065	0.202897222
0.2267783118	0.02592694319	0.02917351203	0.02744992074	0.1003925807	0.02974352127	0.03824292363	0.02856798318	0.02499521036	0.05391232844	0.04437696566	0.04861507422	0.04317514814	0.02569420072	0.2034668074	0.2045223078
0.2289976518	0.02658053797	0.02916673025	0.02764404941	0.102472894	0.03002835635	0.03811830828	0.02910374439	0.02510032807	0.05395132372	0.04489492468	0.0492220442	0.04346761273	0.02627828217	0.2058692556	0.207550376
0.2310406653	0.02598628383	0.0295736375	0.02757623153	0.1040021871	0.02968333291	0.03791909328	0.02888418402	0.02497147411	0.05429295627	0.04432440681	0.04918135348	0.04407458271	0.02637492265	0.2080979205	0.2095137034
0.234456143	0.02628976883	0.03041627459	0.02801535227	0.1067310089	0.02973504404	0.03789196613	0.02910289667	0.02560557124	0.05564422743	0.04489492468	0.04906945398	0.04488585404	0.02669536211	0.2122763494	0.2120424625
0.2377732848	0.02619736697	0.03086472029	0.02824169443	0.1081322957	0.02961297186	0.03843535685	0.02889520443	0.0262116935	0.0566487797	0.04459398286	0.04898637708	0.04495112874	0.02626980494	0.215256945	0.2139422107
0.2414702068	0.02621856006	0.03077401389	0.02869098785	0.1100396735	0.03007582886	0.03873036461	0.02974970965	0.02726710918	0.05775760196	0.04486779753	0.04994345685	0.04545976281	0.0267131643	0.2185859549	0.2172678297
0.2450704882	0.02628468249	0.0311215805	0.02848838195	0.1106669888	0.03067856023	0.0393305528	0.02946657003	0.0274849741	0.05834592203	0.04431084323	0.05139306393	0.04551910345	0.02643934963	0.2214843214	0.222085442
0.2491412562	0.02671617372	0.03186418623	0.0284866865	0.111889406	0.0312092351	0.03931359833	0.02987517272	0.02764349839	0.0595564711	0.04470673008	0.05246373863	0.04653298068	0.02637237947	0.2252761883	0.2258985021
0.2532874715	0.02686791621	0.03282720005	0.02838835058	0.1131516662	0.03117786933	0.0399561727	0.02917834406	0.02717640277	0.0601931114	0.04423454812	0.05253664285	0.04673304341	0.02607143765	0.2288713834	0.228381484
0.257770233	0.02710782194	0.033020481	0.02870455143	0.1150124191	0.03108292431	0.03967981486	0.02926396412	0.02687885184	0.06069072506	0.04449734239	0.05290455482	0.04811737579	0.02665806227	0.2328132974	0.2294157066
0.2616104202	0.02734772768	0.0333570272	0.0292352263	0.1169681171	0.03113802633	0.03917287624	0.02927159364	0.02692971525	0.06101285996	0.04492883362	0.05395403644	0.04852258759	0.02674707323	0.2374528878	0.232522613
0.2653802463	0.02770122835	0.03297639938	0.0298320236	0.1182354637	0.03079639378	0.03861253105	0.02998707222	0.02757059417	0.06162661173	0.04526368438	0.05535362783	0.04921602536	0.02670383934	0.2416228394	0.2358745115
0.2685015641	0.02783601638	0.03317561439	0.0301575494	0.1194985716	0.03052427456	0.03888465027	0.03051520392	0.02854378068	0.06307537109	0.04573332316	0.05583259158	0.04919483228	0.02641985199	0.2445245967	0.2400487017
0.2731284386	0.02732060053	0.03360371472	0.03097729797	0.1204581945	0.02990797962	0.03883972093	0.03021765299	0.02901426719	0.06413926401	0.04559514424	0.0565641769	0.05021633902	0.02624098234	0.2483715657	0.2418865661
0.2764955961	0.02725871672	0.03426154811	0.03098662292	0.1215127625	0.02984694353	0.03870238973	0.02981413664	0.02866670058	0.06475132033	0.04574434357	0.0572330307	0.0508953655	0.0259646245	0.2517726321	0.2443661572
0.2799517645	0.02719428973	0.03503551961	0.03186232124	0.1227902817	0.03004022448	0.03876766444	0.02995570645	0.02841153582	0.0658787925	0.04604867628	0.05790612311	0.05199825369	0.02601633563	0.2546065716	0.2468389665
0.2809300374	0.02727228029	0.03532628875	0.0315427295	0.1225469851	0.03036744572	0.03848282936	0.02999470173	0.02835728152	0.0660161237	0.04644625857	0.05827657825	0.05159643278	0.02654277189	0.2556814849	0.247030552
0.2832527996	0.02717394437	0.0357620186	0.03218530387	0.1229810195	0.03078452566	0.03863202869	0.03044823377	0.02842933801	0.06707323483	0.04642676093	0.05848257504	0.05204063986	0.02663602146	0.2570293651	0.2469898612
0.2843726423	0.02664666039	0.03585187728	0.03206577486	0.1225224011	0.03081843459	0.03820901469	0.03066440325	0.02862516213	0.06642981274	0.04573756178	0.05842832074	0.05146503565	0.0258272933	0.2586001967	0.2463845867
0.2855145257	0.02672804184	0.03636390224	0.0323709553	0.1224893399	0.03058615837	0.03797165213	0.03110352399	0.0285302171	0.06678416114	0.04495172215	0.05852665666	0.05213897578	0.02510503293	0.2585578105	0.247189924
0.2843039767	0.02705102447	0.0368725363	0.03301437739	0.1217713181	0.03049121335	0.03680942329	0.03060591033	0.02870569585	0.06670362741	0.04431592957	0.05840543221	0.05194145622	0.02517030764	0.2585459424	0.2461531582
0.2838470537	0.02744945449	0.03779316396	0.03395195951	0.1211813026	0.03006226529	0.03617786933	0.0302939481	0.02869213228	0.0667070183	0.04420148691	0.05929554182	0.05241787679	0.02621809381	0.2590511855	0.2445509609
0.2823618423	0.02755626764	0.03822719836	0.03474542865	0.1214339242	0.03018772836	0.03590066377	0.03031937981	0.0292533252	0.06569483652	0.04375558438	0.0594320253	0.05197790833	0.02652751286	0.258206853	0.2431293287
0.2831646364	0.02807676983	0.03919105991	0.03524473776	0.1204853217	0.0306412604	0.03643388181	0.03092295889	0.02997897646	0.0655388554	0.04420233463	0.05979824182	0.05212625993	0.0274150793	0.2580635877	0.2416314014
0.2813140561	0.02839720929	0.03969545535	0.03566690403	0.1182151183	0.03073027136	0.03624568721	0.03073222112	0.0300094945	0.06472927952	0.04372845723	0.05930825767	0.05148453329	0.02658176716	0.2559052839	0.2393984978
0.2786615295	0.02800810424	0.04041771572	0.03625437637	0.115478667	0.03029708468	0.0356412604	0.03020578486	0.03046641744	0.06497935793	0.04340971322	0.05870383086	0.05198638556	0.02670383934	0.2533163365	0.2367332553
0.2741253613	0.02753422683	0.04063981927	0.03655107958	0.1139697193	0.0297265668	0.0344552953	0.0295089562	0.03019599366	0.0638425608	0.04227376381	0.05862499258	0.05211523952	0.02621639836	0.248989556	0.2332033349
0.270745488	0.02715359901	0.04097975636	0.03716567907	0.1124192331	0.02984355264	0.03457312886	0.02935551826	0.03029009096	0.06355263939	0.04129040462	0.05786204149	0.05231360681	0.02685388639	0.2457453184	0.2298471979
0.265862601	0.02714851267	0.0415053449	0.03727842629	0.110206675	0.02991730458	0.03419165332	0.02952845384	0.02993743801	0.06242008087	0.04103439214	0.05753736341	0.05164220985	0.02691916109	0.2429334198	0.2253262888
0.2603668099	0.02785551402	0.0425505879	0.03801170706	0.1069988895	0.03008345837	0.03397972246	0.03022697795	0.03041131541	0.06194959436	0.04058933733	0.05711858803	0.05042148809	0.02722518925	0.2397502183	0.2216293668
0.2534443003	0.02820986241	0.04314229886	0.03876957181	0.1038538355	0.02949089969	0.03334647305	0.03064236244	0.03101998084	0.06066868425	0.03951188084	0.05631664166	0.05001627629	0.02728198672	0.234301052	0.217052508
0.2480078499	0.02857268805	0.0441095513	0.03929516035	0.1019684986	0.02982235955	0.03351432229	0.03069407357	0.03116070293	0.06058221646	0.03904563295	0.05578172817	0.05019175504	0.02715058959	0.2288035655	0.213159762
0.2422212897	0.02785042768	0.04417652145	0.04014881785	0.09889295796	0.02911959682	0.0328675093	0.03017357137	0.03080635453	0.0593538652	0.03878368641	0.05466697185	0.05000525589	0.02665297593	0.2217861109	0.2083862313
0.236252469	0.02775463493	0.04553203123	0.04067779728	0.09710087061	0.0291874147	0.0320825174	0.02966324186	0.03090045184	0.05890118088	0.03922619805	0.05443978197	0.04964073481	0.02586459314	0.2148839467	0.2030074261
0.2302082009	0.0276741012	0.04634075939	0.04181289896	0.09359299102	0.02861859227	0.03160016276	0.02968358723	0.0312717547	0.05774403838	0.03859549181	0.05381585751	0.04883200665	0.02600022889	0.2088701966	0.1977820588
0.2240571196	0.02756304943	0.04740465231	0.04214520655	0.09198740283	0.02810063325	0.03107881285	0.0297005417	0.03120478455	0.05643261023	0.03816230513	0.05275789866	0.04807329417	0.02612484423	0.2020816273	0.1933289676
0.2183578749	0.02789959564	0.04888392971	0.04251820486	0.08891525309	0.02765896934	0.03115171706	0.02953523562	0.03143027899	0.05509151175	0.03781728169	0.05267482177	0.04740274493	0.02573065283	0.1986305452	0.1897507269
0.2138954587	0.02796487034	0.05012923544	0.04393644617	0.08794376203	0.02756063342	0.03073633258	0.02967595772	0.03127005926	0.053950476	0.03672710935	0.05228232581	0.04703398523	0.02576880039	0.1950319592	0.1872389224
0.2088260726	0.02836753897	0.05260797877	0.04509528411	0.08641446894	0.02754367895	0.03135856158	0.0298310911	0.03186939973	0.05372328612	0.03565304375	0.0524374592	0.04723404796	0.0256679213	0.1940248637	0.1856494409
0.2055436874	0.02760797877	0.05343959547	0.04668900418	0.08543704382	0.02770559413	0.03082449582	0.0304456906	0.03225511389	0.05350626891	0.03515543009	0.05136508905	0.04710604172	0.02619690072	0.1909366072	0.1833521104
0.2024630605	0.02799369294	0.05524609411	0.04736718293	0.08344235057	0.02765727389	0.03108813781	0.02974970965	0.03257301018	0.05300695981	0.03519272992	0.05089629799	0.04707891457	0.02596377678	0.1868743165	0.1815354391
0.200625196	0.02734179361	0.05649309529	0.04880576961	0.08287268042	0.02770135551	0.03076939379	0.02893165654	0.03286717021	0.05237540585	0.03479175674	0.05081830744	0.04695345151	0.02573065283	0.1845430771	0.178592991
0.1997028729	0.02742656596	0.05894132058	0.05078011749	0.08204869323	0.02787005247	0.03075752566	0.0283119707	0.03374286853	0.0518565991	0.03423649788	0.05180420979	0.04639904038	0.02646308588	0.1824102049	0.1779936506
0.1989356832	0.0270484813	0.06209485178	0.05290959877	0.08219619711	0.02812860812	0.02996575197	0.02848405856	0.0342481117	0.05188372625	0.03396692183	0.05225265549	0.04649991947	0.0264274815	0.182222858	0.1781140273
0.1978489018	0.0273087324	0.06393271619	0.05388278528	0.08156888177	0.02870675551	0.02970210998	0.02916308504	0.03476267982	0.05221857701	0.03363207107	0.05239931165	0.04699498995	0.0264418928	0.1814141299	0.1785412799
0.1968011156	0.02757576528	0.0664106118	0.0550662072	0.08154938413	0.02856857659	0.02990725906	0.02909441944	0.0341362122	0.05202190517	0.03392029704	0.05202461789	0.04739002908	0.02602650831	0.1809716182	0.1787006519
0.1965069556	0.0279741953	0.0683527462	0.05742203064	0.08085170774	0.02834138671	0.03012173309	0.02968189178	0.03455159669	0.05225163823	0.0338643473	0.05287318905	0.04749684223	0.02610788976	0.181953282	0.178752363
0.1975903461	0.02853623594	0.07109767469	0.06031107212	0.08022693556	0.02791837271	0.02972160762	0.02967850089	0.03524842535	0.05141917381	0.03457050092	0.05378703492	0.04746293329	0.02647071539	0.1828349143	0.1797323313
0.1995791053	0.02903893594	0.07378071938	0.06187936048	0.08017268126	0.02776323932	0.02949441774	0.02976496868	0.03653018319	0.05156159135	0.03433992014	0.05389045718	0.04888965184	0.02673944372	0.1834952909	0.1815371345
0.2014678331	0.02916355128	0.0756406246	0.06275082017	0.0812662445	0.02747586108	0.02936386833	0.02949369718	0.03738299297	0.05167433856	0.03461373482	0.05381924841	0.04943728118	0.02653090376	0.1843269076	0.1820347482
0.2040118512	0.02927884167	0.07853729559	0.06408344142	0.08121622882	0.02726477794	0.02924433933	0.02947504726	0.03745589719	0.05259327077	0.03448911947	0.05365309461	0.04980010681	0.02684032281	0.1854518366	0.1825298187
0.203938947	0.02937802531	0.08111352712	0.06586111747	0.08044564821	0.02756063342	0.02915024203	0.02925887778	0.03739909972	0.05271110433	0.03448572858	0.05449064537	0.04971702992	0.02659702619	0.1874499207	0.1832597086
0.2038643473	0.02904910862	0.08329217636	0.06768372286	0.07890787789	0.02760895366	0.02930961403	0.02900795165	0.03713121911	0.05216177954	0.03439417444	0.05491959343	0.04993998118	0.02601379246	0.188886812	0.1844651713
0.202908963	0.02890838653	0.08560307045	0.06929270195	0.07919525614	0.02782342769	0.02922568941	0.02890283394	0.03775768673	0.05202529607	0.0347468274	0.0551934081	0.05040114273	0.02575269364	0.1882010037	0.1846559091
0.2028165611	0.0287769894	0.0872612175	0.07076519756	0.07909098616	0.02782936175	0.02885184337	0.02960474895	0.03790349516	0.05171926791	0.03493332655	0.05520442851	0.05022566398	0.02572471877	0.1884909251	0.1846593
0.2014076448	0.02891686376	0.08989848512	0.07071348643	0.07817120623	0.028276112	0.0287009486	0.02994807694	0.03920220747	0.05169044531	0.03450183532	0.05507218365	0.05019768911	0.02624606868	0.1873134373	0.1846448887
0.2011813026	0.0288024211	0.09100306876	0.07107885523	0.07731415783	0.02854568805	0.02886286378	0.02986754321	0.03866729398	0.05126488814	0.03358544628	0.05462458568	0.05005357612	0.02563486008	0.1869429821	0.1851755635
0.2001106279	0.0288168324	0.09178382205	0.07123568407	0.07576112849	0.02817014657	0.02899765181	0.02912748065	0.03852572417	0.05123352238	0.0325842849	0.05435246645	0.05013495757	0.025573824	0.1847507693	0.1834351873
0.1984779126	0.02872188737	0.09208985021	0.07172397277	0.07515415851	0.0276504921	0.02831947306	0.02918512584	0.03778396616	0.05097327128	0.03259021897	0.05391758433	0.04965260293	0.02536697948	0.1824610683	0.1814735553
0.1950149623	0.02841331604	0.09243741682	0.07180704967	0.07327390792	0.02749535871	0.02779557997	0.02919868942	0.03825784356	0.05092579877	0.03221637293	0.05372599883	0.0490074854	0.02604685367	0.1794287616	0.1783446081
0.1916817138	0.02809118113	0.09306388444	0.07161631189	0.07265422209	0.02740126141	0.02756076058	0.02952251977	0.03857150123	0.0497805244	0.0327216161	0.05271127387	0.04851834897	0.02602481287	0.1762209761	0.1763999305
0.1893996423	0.02804964268	0.09297063486	0.07115938896	0.07091215042	0.02704182667	0.02833049346	0.02889181353	0.03856387172	0.04911675695	0.03243339013	0.05223231013	0.04806142604	0.0262791299	0.1741728762	0.173440528
0.1860172257	0.02742995685	0.09266714987	0.06988102202	0.06859616999	0.02675020981	0.02836270695	0.02857561269	0.03814848724	0.04748234616	0.03223587057	0.05132270288	0.0476511279	0.02564672821	0.1710710562	0.1693884099
0.1832078703	0.02719852835	0.09214834312	0.06870777278	0.06638106864	0.02610933089	0.02774641201	0.02787200224	0.03750845604	0.04678721294	0.03130167934	0.05100565432	0.04672880479	0.02563655553	0.1677810415	0.1648912371
0.1794931462	0.02713833999	0.09185672626	0.06745229436	0.06525953053	0.02653404033	0.0268274798	0.02810851708	0.03712019871	0.04505192306	0.03123810008	0.05019777388	0.04631172486	0.02552635148	0.1635670083	0.1614350686
0.1758954079	0.02716885803	0.09111327281	0.06635618796	0.06343607741	0.02592028857	0.02642565889	0.02787963175	0.03674635267	0.04475437213	0.03130846113	0.05013419462	0.04601332621	0.02510418521	0.15957084	0.1595200614
0.1716839178	0.02645422717	0.09059616151	0.06569835457	0.06210599934	0.02603218806	0.02695124743	0.02823482787	0.03675567763	0.04394733942	0.03142036062	0.04911014471	0.04551571255	0.024608267	0.1569878267	0.157210015
0.1677377652	0.02580741419	0.08959500013	0.06489725592	0.05993752278	0.02540995906	0.02675966193	0.02729894119	0.03634198859	0.04368454515	0.03122538423	0.04874223273	0.04528004544	0.02424713681	0.1536350805	0.1541098904
0.1649055212	0.02658986292	0.08950090283	0.06353411663	0.05961793105	0.02552864034	0.02672066665	0.0272523164	0.03584946127	0.04282495359	0.03056670312	0.04756050626	0.04468579131	0.02451586514	0.152462679	0.150555386
0.1630820681	0.02735535719	0.08819117011	0.06268639319	0.05876766444	0.02563799666	0.02576528233	0.02713109195	0.03544340174	0.0422612175	0.02997414444	0.04788518434	0.04424327967	0.02486343175	0.1496923188	0.1468889821
0.1619740936	0.0274825157	0.08723324263	0.06230067903	0.05750879513	0.02618732145	0.02553385384	0.0274871358	0.03545187898	0.04136602155	0.02937310852	0.04747742936	0.04369225944	0.02489225435	0.1471644075	0.1450528132
0.1609076575	0.02674923493	0.0866211863	0.0622998313	0.05584217085	0.02590587727	0.02520832804	0.02796270865	0.03592490866	0.04055220705	0.02901367378	0.04728499614	0.04388723583	0.0243624272	0.1449815196	0.1445975857
0.1600590863	0.02602612684	0.08644994617	0.06115879555	0.05443071132	0.025523554	0.02609165586	0.02769737121	0.0356697439	0.04040639862	0.02924849317	0.0465059383	0.04396437866	0.02460402838	0.1442143299	0.1440389359
0.1593817553	0.02570738282	0.0872866492	0.05980582895	0.05385765028	0.02484452752	0.0259449997	0.02776095047	0.03545696532	0.04011817265	0.02913998457	0.04551918822	0.04348456719	0.02456248993	0.1441872028	0.1431768012
0.1598310487	0.02547934522	0.0880207777	0.05874363148	0.05370760323	0.02480129363	0.02637649093	0.02709803074	0.03535015217	0.04002153218	0.02968083213	0.04549206107	0.04286572908	0.02546785857	0.145041708	0.1425401609
0.1610076889	0.02592524775	0.08972809271	0.05937942406	0.05343039767	0.02463598756	0.02616710324	0.02707090359	0.03591388825	0.03952815713	0.02971897968	0.04623212363	0.04304120784	0.02508129668	0.1462268254	0.1431725626
0.1632745013	0.02570992599	0.09104206404	0.06018984766	0.05274204623	0.02454528115	0.02656214237	0.02689372939	0.03615972805	0.0396171681	0.02985037681	0.04753168366	0.04327094089	0.02536189314	0.147993481	0.1446399719
0.166858676	0.02600154286	0.09272309962	0.06128086773	0.05301077456	0.02463937845	0.02638835906	0.02707175131	0.03612497139	0.03959343184	0.02944940363	0.04814204454	0.0434701559	0.02524151641	0.1509316904	0.1469898612
0.1728198672	0.02588455702	0.09493565779	0.06224642473	0.05308283106	0.02514631707	0.02635275468	0.02742186109	0.03661665098	0.03945779609	0.02917982757	0.04858625162	0.04382959063	0.02517454626	0.1559341065	0.1510758882
0.1819863008	0.02657969024	0.09901659842	0.06413091393	0.05462399227	0.02509375821	0.02662233073	0.02769228487	0.03690148606	0.04022752897	0.02914676636	0.04972389648	0.04541313802	0.02515759179	0.1651412307	0.1583451167
0.1955363122	0.02684672313	0.1059204581	0.06724205895	0.05568788518	0.02515648975	0.02743105889	0.02762361927	0.03868170528	0.04154658664	0.02977323398	0.05207887219	0.04752566483	0.02553567644	0.1779910226	0.1675759772
0.2142862593	0.02726634623	0.1153437519	0.07064227766	0.05849893611	0.02554474708	0.02782609801	0.02802798335	0.0401397896	0.0435124573	0.03032679739	0.0556706764	0.05060120546	0.02596801539	0.1954193688	0.180763163
0.2403995321	0.02764951722	0.1280460399	0.07627539991	0.0621263447	0.0258346685	0.02816349194	0.02815853276	0.04226418453	0.04507989793	0.03118893212	0.06059340641	0.05460839416	0.02643934963	0.2180222188	0.1981762502
0.2754673075	0.02847859074	0.1452370235	0.0845500284	0.06709315633	0.02624750981	0.02853903343	0.02952930156	0.0443970567	0.0474221578	0.03287251087	0.06734298043	0.05996176767	0.02646054271	0.2474916287	0.2241131965
0.3190674194	0.02958402211	0.1674117732	0.0951363987	0.07411061095	0.0263772115	0.02952578351	0.03095771555	0.04818977137	0.05198545307	0.03476208642	0.07629493994	0.06736578419	0.02725485957	0.2875168909	0.2562563261
0.3731250477	0.0308530641	0.1950585777	0.1093815434	0.08426125141	0.02728088468	0.03076515518	0.03313975569	0.0545239609	0.05904359842	0.03692886753	0.0881927384	0.07790298653	0.02821702568	0.3368501564	0.2955338962
0.4389609454	0.03159397438	0.2312792571	0.1286265609	0.09933038326	0.02874659851	0.03260725821	0.03456647423	0.06370056713	0.06801505557	0.03948051508	0.1056490595	0.09294838212	0.02939197036	0.3996715496	0.3435862516
0.5231008876	0.03357256089	0.2776200588	0.1539277146	0.1188246315	0.03052766545	0.03440782279	0.03709862414	0.07516856981	0.0796873596	0.04357586701	0.1297133847	0.113697261	0.03122559616	0.477300128	0.4045528259
0.6291476989	0.03667353323	0.3376041216	0.1896465417	0.1453855022	0.03318527843	0.03735111857	0.04097272026	0.0921671202	0.09524647559	0.0500567127	0.1632781465	0.1418891517	0.03403495164	0.5747264396	0.4845007757
0.7500466248	0.04165390843	0.4056220595	0.2295972042	0.1764935615	0.03559959479	0.04066402177	0.04667705128	0.1134348058	0.1164302366	0.0583101481	0.2016308504	0.1761202241	0.03730631639	0.6834317116	0.5744984868
0.8669493824	0.04588404839	0.473729856	0.2737966566	0.2086850114	0.03884044149	0.04456948365	0.05236358011	0.1385774353	0.1388508261	0.06775887355	0.2421808533	0.2127732425	0.0405039292	0.7918156964	0.6673725236
0.9451103312	0.05092291651	0.5400709968	0.3141567695	0.2404949857	0.04185664149	0.04970414452	0.05893089359	0.1634725295	0.1631669252	0.07773657842	0.2813609352	0.2485615829	0.04433648686	0.8893505167	0.7533393098
0.9813038834	0.05757330688	0.61937722	0.3637570679	0.278993498	0.04715236981	0.05701236829	0.06914850419	0.1924561939	0.1906747031	0.09068301077	0.3275279537	0.2902534693	0.04966273323	0.9524660699	0.8523551029
0.9864716055	0.06801302103	0.7145994507	0.4219566729	0.3263227453	0.05381632376	0.06747836186	0.08295368039	0.2284005154	0.2253525258	0.1087140883	0.3811820656	0.3394358401	0.05768134924	0.983482575	0.930193069
0.9864716055	0.08213948441	0.8288056001	0.4929518154	0.3836059612	0.06430520587	0.08108432305	0.1011068301	0.272663547	0.2664323559	0.1326978798	0.4466839602	0.3986967948	0.0681685359	0.986492841	0.9804885006
0.9864716055	0.0949206107	0.9122020888	0.5469280622	0.4268288362	0.072718861	0.09264472758	0.1154613311	0.3086756864	0.2997139781	0.1519818926	0.4975193917	0.4445416783	0.07789701008	0.986492841	0.9872880903
0.9864716055	0.1002078618	0.9408525978	0.5632085908	0.4397617049	0.07639289438	0.0968299382	0.1205951442	0.3208625586	0.308214101	0.1583855955	0.5138456974	0.4597634004	0.08168124751	0.986492841	0.9872880903
0.9864716055	0.09733153616	0.9150936734	0.5452894128	0.4230089943	0.07357167078	0.09368403652	0.1161089918	0.3097378839	0.2967528801	0.1525744513	0.4987596111	0.4457234048	0.07995528259	0.986492841	0.9872880903
0.9864716055	0.08989954477	0.8588963912	0.5063822978	0.3899189576	0.06827000839	0.0860375711	0.1060100625	0.2856608428	0.2711236574	0.1407368412	0.4621116791	0.4137582971	0.07466294516	0.986492841	0.9872880903
0.9864716055	0.08288293787	0.8015428143	0.4674599239	0.3584370523	0.063814374	0.07976187449	0.09744381713	0.2605978993	0.2478316082	0.1288576927	0.4275813603	0.3801308037	0.06961051347	0.986492841	0.9831342455
0.9864716055	0.07389537397	0.7193009249	0.4138871934	0.3149132355	0.05741830065	0.07111000907	0.08627506082	0.2287446911	0.2149941931	0.1118133652	0.3781217839	0.3359779761	0.06243114366	0.9769779931	0.9380022973
0.9548599985	0.06376423116	0.6244754287	0.3525832252	0.2654239889	0.05100527284	0.06223519239	0.07464938159	0.1922128973	0.1789396675	0.09326348092	0.3233139205	0.2859775523	0.05439218229	0.9180357824	0.8469440842
0.8738617194	0.05380093758	0.5226774073	0.2883495249	0.2121513525	0.04388100506	0.05203707942	0.06143083001	0.1547172418	0.1415838865	0.07517306274	0.2628797165	0.2331770979	0.04679658028	0.8133648263	0.7215064469
0.7544090096	0.04592897773	0.4345243424	0.2326896993	0.168442732	0.03912358112	0.04421174436	0.05135309377	0.1228818358	0.1111345083	0.06133482533	0.2107031866	0.1872245535	0.04111937641	0.6840293567	0.6064084925
0.6372510872	0.04128853963	0.36669799	0.1904637471	0.1357036528	0.03512063105	0.03911692649	0.04426612582	0.09965506133	0.0897311869	0.05283978875	0.1708084738	0.1521262599	0.03729868688	0.5757352305	0.515335868
0.5457613828	0.03790697083	0.313280393	0.1569990166	0.111083221	0.03251896781	0.03596085213	0.0405183405	0.08303968193	0.07418309131	0.04616735756	0.1413975569	0.1266131753	0.03397730644	0.491421505	0.4456301128
0.4749239168	0.03639887083	0.2742215356	0.1327541263	0.09397700974	0.03061159007	0.03405093122	0.03773187355	0.07229054873	0.06371116367	0.04243228809	0.1203994473	0.1075275298	0.03204280156	0.4260145554	0.3917140544
0.4182324119	0.03399218399	0.2423471343	0.1136159219	0.08093139374	0.02990035011	0.03235717979	0.03531416631	0.06365902868	0.05531700618	0.03882776803	0.1044927647	0.09226172613	0.03079834355	0.3756207879	0.3492270034
0.3736608089	0.03295541822	0.218123437	0.1017350779	0.0724846774	0.02903651993	0.03131193679	0.03347799734	0.05866678535	0.04985766723	0.03719844358	0.09307477768	0.08183133694	0.02990399532	0.3359600468	0.3150111899
0.3369213228	0.03120910794	0.1985698482	0.09167768707	0.06594788196	0.02871862364	0.03106440155	0.03207755822	0.05418063291	0.04605054127	0.03585056331	0.08435509439	0.07436797979	0.02857730814	0.3017993354	0.2894819986
0.3083386316	0.03069453981	0.1836923018	0.08473059349	0.06105312683	0.02792261133	0.02984876614	0.03156892415	0.05140942499	0.04364470215	0.03431787934	0.07813195663	0.06960716496	0.02809241033	0.27484173	0.2692553173
0.2861426888	0.02950433611	0.1723913007	0.0780183193	0.05678568704	0.02767592381	0.02939438638	0.03063558065	0.04843476344	0.0417296949	0.03358205539	0.07269804939	0.06511338301	0.02804239465	0.2539758653	0.2529502047
0.269326399	0.02894822953	0.162501759	0.07379326569	0.05344311352	0.0274368658	0.02869162364	0.03046942685	0.04672490527	0.04029873774	0.03278519536	0.0686764494	0.0615902444	0.02799237897	0.2389745513	0.2398274459
0.2538257759	0.02865830811	0.1555368633	0.06920792961	0.05060832634	0.02704691302	0.02930707086	0.03004386969	0.04488788858	0.03906275697	0.03266566635	0.06533557132	0.05869187796	0.02731843883	0.2256712274	0.2282933208
0.2402232056	0.02860066292	0.1493077914	0.06642400583	0.04899934725	0.02657049244	0.02915532837	0.02967341455	0.04340267711	0.03830234904	0.03182387698	0.06341632546	0.05683960225	0.02749306986	0.2145406187	0.2189607335
0.229358782	0.02907877894	0.1437390962	0.06272708392	0.04715554877	0.02609407187	0.02841950442	0.02934110696	0.04237777947	0.03754702746	0.0316907844	0.06135890067	0.05399209922	0.02772788925	0.2034583302	0.211109119
0.2212070734	0.02896433627	0.1386112171	0.06088328544	0.0457568051	0.02629328688	0.02783796614	0.02898675856	0.04156566042	0.03642209845	0.03124064325	0.05991014132	0.05204742165	0.02754817188	0.1949624459	0.2038466723
0.2133071387	0.02903130643	0.1335206378	0.058447776	0.0442631164	0.02642977035	0.02747429279	0.02921140527	0.04048989938	0.03561252257	0.03098802167	0.05845460017	0.05067665285	0.02636220679	0.1879865297	0.1980406144
0.2061989776	0.02837177759	0.1297982842	0.05740592389	0.0429864449	0.02609661504	0.02816349194	0.02885620915	0.03929037071	0.03427057637	0.03050566703	0.05648364318	0.0503239999	0.0259247815	0.182526343	0.1925015895
0.1989483991	0.02864728771	0.1252112527	0.05561977061	0.04190305435	0.02581093224	0.02751328806	0.02846117003	0.03864525317	0.03377126726	0.03090155388	0.05471190119	0.04989505184	0.0259536041	0.1776917762	0.1877170384
0.1933398608	0.02842942279	0.1219424311	0.05404724363	0.04057297627	0.02610085366	0.0276014513	0.02819922349	0.03855708994	0.03308630672	0.03060824157	0.05314700372	0.04850393768	0.02651479701	0.1716390309	0.1821695362
0.1876414638	0.02825818265	0.1193153362	0.05218649068	0.0403534159	0.02605422887	0.02709281724	0.02769991438	0.03823325958	0.03311004298	0.03029882251	0.05279689394	0.04795969923	0.02671909836	0.1670435221	0.176735629
0.1834918576	0.02741639328	0.1168908471	0.05128196977	0.03959131253	0.02532010037	0.0278040572	0.02795677458	0.03770851877	0.03276925816	0.02894755135	0.05182879377	0.04679747039	0.02698358807	0.1616011376	0.1718493511
0.179505862	0.02701965871	0.1141306596	0.04995613031	0.03899960157	0.02477331875	0.02791087036	0.02776434136	0.03657850343	0.03254037283	0.02832871324	0.05117265583	0.0461430279	0.0265215788	0.1573523478	0.167821817
0.1756165069	0.02695523173	0.1108397972	0.04872354043	0.03774073226	0.02465294202	0.02764722837	0.02810258301	0.03616227122	0.03187999627	0.02817018896	0.05035460271	0.04525970008	0.02583407509	0.1524516586	0.163968914
0.1724205895	0.02723074184	0.109090096	0.04728749693	0.03724820495	0.02548540644	0.02744547019	0.02811614659	0.03633096818	0.03147987081	0.02807693938	0.04978917118	0.04502996702	0.02536019769	0.1492464162	0.1607458695
0.1685490366	0.02728923476	0.1069877419	0.04664407484	0.03709646245	0.02510901723	0.02662233073	0.02802713563	0.03684468859	0.03091783017	0.0285694667	0.04924917135	0.04415765961	0.02480409111	0.1457953341	0.1572676602
0.1657481583	0.0268857184	0.1047116045	0.04592605308	0.03648949247	0.02518446462	0.02634766834	0.02708701033	0.03593084272	0.03070844248	0.02835329722	0.04860574926	0.04373718878	0.02537291354	0.1434166222	0.1551627629
0.1633541873	0.02660427422	0.102708434	0.04561832948	0.03653103092	0.02496490425	0.02627137323	0.02669790528	0.03546120394	0.03078558531	0.02891703331	0.04847859074	0.0429530446	0.02541021337	0.1413066385	0.1521889491
0.1626158202	0.02626518485	0.1016191094	0.04546573926	0.036089367	0.02525397794	0.02671642803	0.02681234794	0.03562651001	0.03101786153	0.02853047142	0.04819290795	0.04357273043	0.02571454609	0.140731882	0.1508164848
0.1633296034	0.02651611098	0.102484635	0.04586756017	0.03644880174	0.02473601892	0.02691903393	0.02771771657	0.03596899028	0.03047362309	0.02858472572	0.04789196613	0.0439440333	0.02513300781	0.1410862304	0.1503934708
0.1656998381	0.0267517781	0.1041037868	0.04586586472	0.03599103109	0.02427994371	0.02708942635	0.02824415283	0.03603935132	0.02952162966	0.02771750464	0.04837516849	0.04451878979	0.02514063732	0.1438803269	0.1535537838
0.1727274654	0.02738926613	0.1082711952	0.04669748141	0.03609021473	0.02455206294	0.02756669464	0.0284238702	0.0366607326	0.02961657469	0.02821850919	0.04942041149	0.04534447242	0.02549159482	0.1500390377	0.1590792452
0.1850245416	0.02754270407	0.1142959657	0.04771644499	0.03599357426	0.02542776125	0.02771674169	0.02909781033	0.03805354221	0.03047277536	0.02909166434	0.05237981401	0.047528208	0.0259934471	0.1610891127	0.1693256784
0.2109165586	0.02868628299	0.1280841874	0.05052156185	0.03862236464	0.02644757254	0.02832625484	0.02936230004	0.04065520545	0.03265057688	0.03105499182	0.05746615464	0.05148622873	0.02655464001	0.1826229835	0.1895489687
0.2576939379	0.02998075668	0.15454757	0.05733047651	0.04280248892	0.02715542162	0.02943677255	0.03042788841	0.04517611454	0.03477497181	0.03370751846	0.06759221112	0.05992531557	0.02779485941	0.2245208667	0.2271497419
0.3126247213	0.0321839899	0.1887710129	0.06645876249	0.04776082331	0.02834986394	0.0314458771	0.03214113748	0.0516739147	0.03751057535	0.0357632478	0.08063867484	0.06967667828	0.02885536143	0.2733149801	0.271579775
0.3555881929	0.03345048871	0.2148079906	0.07483342234	0.05094402482	0.02988085247	0.03330323915	0.03377724371	0.05664750812	0.03957732509	0.03806820783	0.09105550045	0.07884056865	0.03052876749	0.3117516086	0.3061846935
0.3877915109	0.03525020557	0.2356026466	0.08049875809	0.05381187321	0.0306666921	0.03515466714	0.03584314573	0.06118282851	0.04173478125	0.03923637073	0.1010849165	0.08649042496	0.03148160864	0.339686639	0.3332787823
0.3997155888	0.03607164959	0.2423064435	0.08263841204	0.05560989463	0.03099730424	0.03602527911	0.036728169	0.06318260811	0.04267660199	0.04002051491	0.1046275527	0.0902967032	0.03234882972	0.3518938565	0.3424833634
0.391067962	0.03502810203	0.2335986284	0.07990450395	0.05384917305	0.02987491841	0.03585573443	0.03643485669	0.06183303239	0.04145418479	0.0388447225	0.1017893746	0.08857752007	0.03149008587	0.3436972186	0.3325115926
0.3569174233	0.03321227843	0.2096038165	0.07176805439	0.05004289481	0.02942308181	0.03435356849	0.03537605012	0.05742741368	0.03810313403	0.03693564931	0.09130473114	0.08029865297	0.03009727626	0.3130587981	0.3011814298
0.3184078906	0.03174402143	0.1828471216	0.06373757026	0.04514644422	0.02820914185	0.03298534286	0.03303124709	0.05233429126	0.03518357451	0.03531225893	0.08063867484	0.0713628002	0.0285722218	0.2778096098	0.2661102634
0.2939620898	0.03204157236	0.1674227936	0.05807392996	0.04268380763	0.02779460509	0.03230123005	0.03231831167	0.0507261599	0.03361528615	0.03474597967	0.07510134534	0.06586192281	0.02759140578	0.2560180311	0.2441991557
0.2798330833	0.03136763222	0.1563142256	0.05468981799	0.04064672821	0.0266595034	0.03193331807	0.03164521926	0.0494062545	0.03298627536	0.034352636	0.07198002764	0.0628669159	0.0269301815	0.2421857277	0.2278864135
0.2754011851	0.03185592092	0.1513397845	0.05241028967	0.0396913439	0.02636110475	0.03249535871	0.03206399464	0.05000559497	0.03312191111	0.03447979451	0.07132897603	0.06144443597	0.02687168858	0.2373350542	0.2215284877
0.2731199613	0.03202716106	0.1494976815	0.05185333537	0.03905724676	0.02610424455	0.03271491908	0.03196142011	0.05000220408	0.03294643236	0.0342983817	0.07097462764	0.06139611573	0.02638085671	0.2368433746	0.2174746743
0.2709379212	0.03327670541	0.1473698956	0.05116752711	0.03854691725	0.0259287658	0.03388308198	0.03194616108	0.05050490408	0.03282605563	0.03452218068	0.07175199003	0.06148597442	0.02681234794	0.2367204547	0.2171677984
0.2690000254	0.03342760018	0.1450284835	0.05078011749	0.03845621085	0.02582364809	0.03425099396	0.03219115316	0.05069309868	0.03252087519	0.0347832795	0.07214109509	0.0618759272	0.02626641405	0.2356150234	0.21450849
0.2710252367	0.03396844773	0.1446020786	0.05060718191	0.03846044946	0.02561934674	0.03494188856	0.03304481066	0.05208845146	0.0327200902	0.03604977832	0.07322024703	0.06234217509	0.0268360842	0.2365195443	0.2150052559
0.2691958495	0.03495604554	0.143767071	0.05105223672	0.03898858117	0.02565156024	0.03601171554	0.03356276968	0.05315997389	0.03302611836	0.03649652857	0.0733168875	0.06273551876	0.02625115502	0.2352098116	0.2132750523
0.2622987716	0.035898714	0.1419919382	0.05053597314	0.03869272569	0.02593469986	0.03736976849	0.0340663174	0.05347278384	0.03309393623	0.03678305909	0.07227249222	0.0626863508	0.02640544069	0.2303811788	0.2098180362
0.2480765155	0.03636920051	0.1354398837	0.04851160957	0.03781024559	0.02554389936	0.03825733493	0.03376707103	0.05284716394	0.03260225664	0.03623882065	0.07044819138	0.06143341556	0.02589426346	0.2196651069	0.2004201741
0.2347562371	0.03641243441	0.1304086451	0.04714253622	0.0369896493	0.02580160728	0.03855912447	0.03378911184	0.05243008401	0.03169604028	0.03642616753	0.06842891415	0.05993972686	0.02604091961	0.2078520807	0.1911435365
0.223758721	0.03689055043	0.1247967159	0.04515462476	0.03623941405	0.02590757271	0.03887193442	0.03404512432	0.05206556293	0.03043293236	0.03689919721	0.06692674822	0.05822563007	0.0259934471	0.1975251138	0.1830664276
0.217527106	0.03834270068	0.12239342	0.04482146944	0.03547391979	0.02610763545	0.0396306469	0.03501576766	0.05252587676	0.03024219459	0.03734425201	0.06660546103	0.05780515924	0.0254763358	0.1918318032	0.178059773
0.216975238	0.04010003137	0.1206267643	0.04406190924	0.03537473615	0.02561510813	0.04094122733	0.03555915838	0.05358214016	0.03023795597	0.03858955774	0.06699287065	0.05806964896	0.02515589634	0.1912282241	0.176950103
0.2214130702	0.04216084705	0.1221238439	0.04463497029	0.03472961861	0.02513953528	0.04275789866	0.03662728991	0.05561921959	0.03085679408	0.03964751659	0.06903673186	0.05970490747	0.02499398116	0.1959585209	0.1789405576
0.2258975272	0.04437425294	0.1235666692	0.04462394988	0.0357672321	0.02528025737	0.04517984453	0.037773412	0.05790637742	0.03136881904	0.04126836381	0.07100345023	0.06087307037	0.02600277206	0.1998580487	0.1825713571
0.2234882972	0.04642150505	0.1221475802	0.04468498597	0.03544340174	0.02605931521	0.04682612345	0.03831256411	0.05913811958	0.03185795546	0.04238227241	0.07106533405	0.0610621127	0.02596971084	0.1998343125	0.1799145919
0.2129214245	0.04653594771	0.1181047871	0.04378979002	0.03589439061	0.02577448013	0.04797563643	0.03786242296	0.05919406933	0.03140866204	0.04212456448	0.06929783068	0.06013216008	0.02602057425	0.1916927765	0.1730488797
0.1996019938	0.04695048447	0.1120528895	0.04220709036	0.03522638454	0.02572361673	0.04883014165	0.03753350627	0.05786738215	0.03096021634	0.04216186431	0.06708103388	0.05817222349	0.02519489162	0.1805774268	0.1641520222
0.1878610242	0.04704119088	0.1077549316	0.04071255394	0.03481354323	0.02551507676	0.05016954469	0.03744025669	0.05701881098	0.03048803438	0.04211184863	0.06566109712	0.05598764019	0.02566283496	0.1699868179	0.157105745
0.1805739935	0.048784958	0.1046539593	0.03984533286	0.03406076482	0.02528619143	0.05108084738	0.03831765045	0.05672804184	0.02996922764	0.04262302586	0.06529572832	0.05506870798	0.02567046447	0.1623250935	0.1518540983
0.1773543399	0.04959368616	0.1043292812	0.04029377856	0.03403278994	0.02500474725	0.05279918279	0.03867623746	0.05770885786	0.02935462815	0.04374117308	0.06489899375	0.05501954003	0.02560010342	0.1595487992	0.1504578978
0.179833931	0.05193594602	0.1050464552	0.04060658851	0.03399972873	0.02437573646	0.05438018701	0.03933067996	0.05922797826	0.02945465951	0.04393614947	0.06561616778	0.05694217678	0.02533391826	0.160983995	0.1526263744
0.1864326102	0.05515390419	0.1071615252	0.04166030874	0.0337055687	0.02514970796	0.0579134983	0.04048527928	0.061598213	0.02966913354	0.04539508151	0.06731500555	0.05812390326	0.02519234845	0.1670748879	0.1565267499
0.1908517925	0.05805227063	0.1084483694	0.0416984563	0.03388019972	0.02584314573	0.06062027924	0.04160088333	0.06380059849	0.02984546002	0.04606817392	0.0690384273	0.0601796326	0.02565011911	0.1709625476	0.157767817
0.1890859846	0.05882793757	0.1075633461	0.04112963387	0.03354195807	0.02630515501	0.06260140892	0.04240028653	0.06489246628	0.02948941617	0.04676245942	0.06924188093	0.06002110831	0.02526779583	0.1695883879	0.1558680688
0.1810792367	0.05867619508	0.1040283394	0.04015644736	0.03378016836	0.02620427592	0.06283877148	0.04216970576	0.06412442885	0.02972338784	0.04657511254	0.06754304316	0.0589970584	0.02530424794	0.1635949832	0.1500908336
0.1718373558	0.05822435849	0.09984143333	0.03906712274	0.03265100074	0.02550151319	0.06214279054	0.04202135415	0.06280791435	0.02976407857	0.04603341726	0.06500580691	0.05685825216	0.02469812568	0.1552160847	0.1436540695
0.1653870281	0.05900765494	0.09670994295	0.03857035681	0.03225511389	0.02523617575	0.06338385765	0.04218496478	0.0616812899	0.02964624501	0.04618600748	0.06385883709	0.05567567797	0.02470490747	0.1491709689	0.1388203504
0.1624242347	0.06086586472	0.0957172588	0.03751663657	0.03174224121	0.02505476293	0.06525139239	0.04290892059	0.06184574824	0.02907403169	0.04635639989	0.06319083102	0.05543916313	0.02463454643	0.1467600434	0.1372096759
0.1627039835	0.06221459271	0.09535104228	0.03727503539	0.03232886583	0.0250895196	0.06845409154	0.04306998805	0.06325381687	0.02858404754	0.04744233361	0.06413010859	0.05550528556	0.02480663428	0.1474941719	0.1379005705
0.1666730246	0.06507735476	0.09703207785	0.03803798649	0.0316659461	0.02521159177	0.0720043573	0.04408895162	0.06548332952	0.02904436137	0.04935479769	0.06579334198	0.05693030866	0.02445398133	0.1517505913	0.1404038978
0.1753214991	0.06735773081	0.09933195154	0.03866445411	0.03203724897	0.02515394658	0.07636419894	0.04535629816	0.06866144469	0.02977764214	0.05190305435	0.06892228919	0.05947602214	0.02465658724	0.1569734154	0.1441915262
0.187907649	0.07343251698	0.1045454507	0.03908238176	0.03192450175	0.02533112078	0.08374193603	0.04833519832	0.07356043844	0.02993955732	0.05518713495	0.07369073354	0.06262701016	0.02466591219	0.1681989692	0.1514463433
0.2110784738	0.08269389554	0.1141340505	0.04005726372	0.03351822182	0.02554983342	0.09509295288	0.05244835245	0.08195798683	0.03009299526	0.05972499852	0.08042674398	0.06821181218	0.02531526835	0.1871252427	0.1666553496
0.2491836423	0.09874214796	0.1328543272	0.04319299272	0.03568076431	0.02664000576	0.1166386918	0.06041271416	0.0977298814	0.03103905462	0.0697103329	0.09525597009	0.07895755449	0.02571200292	0.2228500038	0.1927279316
0.3142921933	0.1261422649	0.1641005654	0.04940765325	0.03920135975	0.02845159075	0.1526448971	0.07453493892	0.1249918195	0.03363732696	0.0891215042	0.1213090545	0.1002235447	0.02675978909	0.2824237685	0.2377852801
0.4250514992	0.1745260802	0.2184506583	0.06043907836	0.04622559616	0.03043187271	0.2156604189	0.1024725126	0.1751117723	0.03836338513	0.1251667048	0.168968914	0.1394672058	0.02872989836	0.3845015386	0.3112829023
0.5997613659	0.2558846418	0.307287836	0.08236035876	0.05946534083	0.03329209159	0.3192522232	0.1539369548	0.2587761417	0.04740350788	0.1889155074	0.2490033316	0.2066340293	0.03155281741	0.5438498088	0.4306788145
0.7866869273	0.3441979265	0.4037426566	0.1085160177	0.07606376576	0.03727384858	0.4307651552	0.2129308766	0.3512695506	0.05827132236	0.2592960505	0.3350989717	0.2821687309	0.03428163916	0.71424222	0.556468257
0.8873184812	0.3936591982	0.456478684	0.1247338148	0.0855667455	0.04012643795	0.4965434077	0.246638056	0.4021041343	0.06484711308	0.3019051737	0.385061248	0.3253008994	0.03661118317	0.8065804956	0.6271972144
0.8546811288	0.3801795478	0.4388417979	0.121067411	0.08204360689	0.03983821198	0.4809469919	0.2365018268	0.3883091308	0.06305841662	0.2908593373	0.3690401228	0.3131894747	0.03591944084	0.7748459687	0.6038924493
0.7267969618	0.3217298644	0.3712934988	0.1015884218	0.06971177403	0.03617604673	0.4105605147	0.1961637547	0.3267915363	0.05575104058	0.2431537007	0.310306452	0.2614240906	0.03451561083	0.6576253147	0.5165447217
0.5888799878	0.2590195231	0.2997007112	0.08071662301	0.05696201351	0.03245369311	0.3323860024	0.1539064368	0.2617914939	0.04728821749	0.1906618177	0.2450063155	0.2050123344	0.03138496817	0.532826861	0.4197491162
0.4698036673	0.2052340141	0.2366334783	0.06424535659	0.04797190645	0.02978166883	0.2628430101	0.1185461967	0.204404008	0.04066749744	0.1472821139	0.1905290642	0.1584163678	0.02920038487	0.4258873969	0.3366679806
0.3762522995	0.1634454871	0.1869831642	0.0535581072	0.04160635114	0.02855586074	0.2085115672	0.09217182506	0.1595145088	0.03628900587	0.1148032858	0.1479224842	0.12336809	0.02760412163	0.3400969372	0.2702412197
0.2998334223	0.1304419182	0.1470062223	0.04597691649	0.03719395065	0.02728342785	0.1637509219	0.07303870705	0.1238295906	0.033628002	0.09086357587	0.1157895272	0.09715987216	0.02589087256	0.2689508999	0.2158826496
0.2405555132	0.105840984	0.11837182	0.04079054449	0.03407771928	0.02644502937	0.1312068191	0.06026860117	0.0989014352	0.03153666828	0.07382772564	0.09277722676	0.07817934437	0.02552550376	0.215480744	0.1740474979
0.1994061697	0.0897740817	0.09924887465	0.0370258047	0.03166848927	0.02532349126	0.1093380975	0.05277981231	0.08288030993	0.0298157897	0.06317947153	0.07759026135	0.06607385367	0.02440650882	0.1781876944	0.1462786213
0.1734802438	0.08007527784	0.08831409001	0.03491666879	0.03031467494	0.0252234599	0.09605681442	0.04863783559	0.07362147453	0.02864593135	0.05689021134	0.06861287014	0.05878343209	0.0242395073	0.1551185965	0.129083399
0.1593308919	0.07491942389	0.08181205124	0.03296690488	0.0293440316	0.0253429889	0.08968193417	0.0462582759	0.06805871333	0.02783211685	0.05344336784	0.06389359375	0.0550475149	0.0233171842	0.1420967168	0.1204484881
0.1521091359	0.0724279647	0.07881873977	0.03229805108	0.02889473818	0.02482248671	0.08584005154	0.04499262481	0.064191399	0.0271683494	0.05159109212	0.06188194603	0.05277815925	0.02347231759	0.1347817112	0.1134886787
0.148148572	0.07146155998	0.07627726491	0.03199456609	0.02874214796	0.02362380577	0.08400388257	0.04400248383	0.0629435501	0.02687588481	0.05029068437	0.06099183642	0.05233310445	0.02320358926	0.1312823089	0.1104606105
0.1443719641	0.07035358545	0.07498024804	0.03156731348	0.02874045251	0.022547197	0.0833358765	0.04315730356	0.06143036376	0.02645456626	0.04958537847	0.05970753541	0.05116748472	0.0230493036	0.1283491858	0.1068967812
0.1414286683	0.06955418224	0.07327038987	0.03226075125	0.02855395336	0.02276251876	0.08285606504	0.04258593796	0.06064791502	0.02645710943	0.04933445233	0.0589115231	0.05064189619	0.02302217645	0.1272369726	0.1056972525
0.139452625	0.06887600349	0.07208612022	0.03192590049	0.02823097073	0.02324487339	0.08271958156	0.04236383442	0.06015284454	0.02681230555	0.04944465638	0.05838763002	0.05015530293	0.0229662267	0.1252058273	0.1048783517
0.1393593754	0.06863779321	0.07080097149	0.03246759577	0.0281394166	0.02417143511	0.08298746217	0.04247997253	0.06072336241	0.02703356137	0.04837059078	0.05747293643	0.05000101727	0.02293231776	0.1237706315	0.1042383205
0.1359481363	0.06815119995	0.07033387588	0.03145795716	0.02811228945	0.02402054034	0.08210159118	0.04201118147	0.06053262464	0.02654866356	0.04801285149	0.05668879225	0.04891084493	0.02264748269	0.1205111348	0.1024462331
0.1326827056	0.06667107483	0.06903431584	0.03149271382	0.02817841187	0.02403579936	0.08028915846	0.0416178378	0.05994939091	0.02552122276	0.04685316582	0.05511626527	0.04776641828	0.02264239634	0.1173652332	0.09792701949
0.1268622365	0.06459669557	0.06641993676	0.03079164653	0.02789188135	0.02320248722	0.07773157685	0.04133808906	0.05752066326	0.0257941897	0.0469320041	0.0538260302	0.04677797275	0.02237451574	0.1122543086	0.09339339454
0.1211273874	0.06185770114	0.062789985	0.0304542526	0.02732984071	0.02259297407	0.07424997669	0.04028775972	0.05571925095	0.0261086951	0.04534506583	0.05200512025	0.04550045353	0.02179975925	0.1066483135	0.08793575104
0.1139268245	0.05882115579	0.05936942092	0.02982778498	0.02653976247	0.02193090206	0.0703877487	0.03862283089	0.05278019379	0.025649229	0.04411332367	0.05019692615	0.04358459856	0.02168616431	0.1001369497	0.08276379034
0.1065609556	0.05644244382	0.05688982986	0.02932084637	0.02605571238	0.02156044692	0.06583462611	0.03679174826	0.05102201538	0.02505243169	0.04243906988	0.04827768029	0.0417848817	0.02158274205	0.09471491061	0.07849974144
0.1016772208	0.05456219323	0.05514351958	0.0290834838	0.02598958996	0.02202754253	0.06420445394	0.03643570442	0.04949272229	0.0249659639	0.04137432924	0.04684757085	0.04095156956	0.02181077965	0.09045679577	0.07580821953
0.1006819935	0.05504454787	0.05490785246	0.0287723693	0.02599806719	0.02291087036	0.06419767215	0.03652132448	0.04915956698	0.02520332647	0.04133109534	0.04677551436	0.04093631054	0.02165140764	0.08965400168	0.07587349423
0.1013474564	0.05491315073	0.05504179277	0.02865877436	0.02638462908	0.02312449666	0.06555826827	0.03697485652	0.04875774607	0.02504056357	0.04141841086	0.04690182515	0.04096682858	0.02158443749	0.09154442495	0.07653302307
0.0978751812	0.05352288429	0.05416863762	0.02800517959	0.02643718793	0.02320672584	0.06266159728	0.03645859295	0.0478040572	0.02392665497	0.04045031069	0.04598458839	0.03992328103	0.02122924137	0.08912163136	0.07429588091
0.08716504328	0.04959453388	0.05004446309	0.02751943406	0.02580478625	0.02281168672	0.05704373405	0.03514292617	0.04451149937	0.02366894704	0.03783762705	0.04185871841	0.03763018913	0.02115888033	0.07992467977	0.06736150318
0.0730606207	0.04477098751	0.04480129363	0.02674461484	0.02492145842	0.02259975586	0.04861821079	0.0322250621	0.04044920865	0.02325356256	0.03480192942	0.03773200071	0.03460381645	0.02109953969	0.06593469986	0.05839937099
0.06042445513	0.04040012546	0.04019900308	0.0253687597	0.02385163144	0.02166641235	0.04286132092	0.03004386969	0.03624534812	0.02344938667	0.03241219704	0.03364682146	0.03161135271	0.02082911591	0.0547854412	0.05040364352
0.05234395531	0.03693632749	0.03712770106	0.02432605987	0.02324042284	0.0202142621	0.03877444622	0.02827382315	0.03349109467	0.02322219679	0.03053025101	0.0318326933	0.02971245221	0.02015178488	0.04822067089	0.04574540322
0.04736442783	0.03478226223	0.03540682248	0.02390474132	0.02290896298	0.01965306918	0.03659579699	0.02777112315	0.03136076566	0.02265676526	0.02913828912	0.03021438926	0.02881810398	0.01928371608	0.04465090749	0.04209849699
0.04513321974	0.03363698787	0.03475831405	0.02463293575	0.02249527394	0.01924616193	0.03512923544	0.02661143748	0.03028500462	0.02201673406	0.02815577766	0.02925307088	0.02859176182	0.01952192637	0.0426367166	0.04077265753
0.04291303205	0.03229928028	0.03442939735	0.02414973339	0.02231216568	0.01967850089	0.03417130795	0.02621555064	0.02979671592	0.02113255851	0.02685113129	0.0289682358	0.02823571798	0.01996359028	0.04075392284	0.03905771301
0.04224078737	0.03232725516	0.03399197206	0.02382335987	0.02195357866	0.01989721353	0.03394666124	0.02598581759	0.02977637056	0.02166831973	0.02660529149	0.02887837712	0.0273718878	0.02040271102	0.03953150564	0.03831341183
0.04124301688	0.03217805583	0.03290010427	0.02298157049	0.02176368861	0.01988958402	0.03329645736	0.0259934471	0.0293474225	0.02156320202	0.02630011105	0.02923696413	0.02678102456	0.02026283665	0.03861596433	0.03720374185
0.04026135314	0.0323179302	0.03229652518	0.02301632715	0.02160262116	0.01986754321	0.03308198333	0.02590528386	0.02902867848	0.0220794656	0.02700965557	0.02880123429	0.02634275154	0.01998732653	0.03764532099	0.03697231335
0.0392618872	0.03156769496	0.03222531641	0.02321808533	0.02170095708	0.01999809262	0.03289887507	0.02640120207	0.02929486364	0.0212622602	0.0269782898	0.02842145418	0.0263232539	0.0196643439	0.03683320194	0.03690280003
0.03873121233	0.03125742818	0.03201762417	0.02320028314	0.02183998372	0.02022019616	0.03254028806	0.02598412214	0.02944236752	0.0210308317	0.02702491459	0.02746776532	0.02616557734	0.019501581	0.03613722099	0.03685024118
0.03874986224	0.03151259293	0.03163275773	0.02269758314	0.02182642015	0.02005743326	0.03189347507	0.02531950696	0.02892949484	0.02033315531	0.02610852555	0.02688368387	0.0256323593	0.01927523885	0.03631863381	0.03704521757
0.03827259395	0.03115909226	0.03096475166	0.02202109984	0.0213254156	0.01915291235	0.03149419733	0.02460741928	0.02803175572	0.02063324941	0.02587031527	0.02729228656	0.02586548324	0.01969825284	0.03633304511	0.03654251757
0.03838957978	0.03107347219	0.03109953969	0.02232882344	0.02122284106	0.01884095013	0.03176970745	0.02496939718	0.02805040564	0.02117833558	0.02519637513	0.02787552029	0.02585276739	0.01930321372	0.0364703763	0.0360805083
0.03791909328	0.03046056814	0.03120974373	0.02304514975	0.02130591796	0.01892063613	0.03145435433	0.02489734069	0.02840814493	0.02126819426	0.02555750532	0.02808066936	0.02651144851	0.01912434407	0.03603295101	0.03523363258
0.03816493307	0.03044700457	0.03125297763	0.02352665666	0.02198324898	0.01939027492	0.03125937794	0.024687953	0.02860481676	0.02102150674	0.02562871409	0.02776955486	0.02620542034	0.01868946195	0.03554381459	0.03478773005
0.03794961132	0.02998075668	0.03096644711	0.02320452176	0.02152123971	0.01998622449	0.03085586158	0.02456757627	0.02856327832	0.02072141265	0.02617719115	0.02756694896	0.02665725694	0.01875812755	0.03528949755	0.03472415079
0.03829039614	0.03009180845	0.03078842518	0.02266621737	0.02178233853	0.02011338301	0.0310771174	0.02486427948	0.02852852166	0.02095199342	0.02596271712	0.0274092724	0.02642752388	0.01898955605	0.03555737816	0.03526075973
0.03808863796	0.02995108636	0.03098764019	0.02194226156	0.02106940312	0.01960559667	0.03133821622	0.0248396955	0.02830302722	0.02115036071	0.02584403584	0.02660817375	0.02663012979	0.01952192637	0.03594309233	0.03562951943
0.03832600053	0.03005281317	0.03132249095	0.02226185329	0.02190864932	0.01967680544	0.03098471555	0.02500584929	0.0280563397	0.02087230742	0.02565584124	0.02643693361	0.02617914092	0.01986186347	0.03651021931	0.03575243932
0.03906267219	0.02997736578	0.03195065402	0.0224356366	0.02224265236	0.02031937981	0.03112543764	0.02535934997	0.02802327849	0.02114696981	0.02644761493	0.0268234955	0.02630036537	0.01988814289	0.0372443478	0.03570581454
0.03956452447	0.03017488535	0.03157850343	0.02260179039	0.02191288794	0.02092634979	0.03086179565	0.02502958555	0.02822842756	0.02111560405	0.02665700262	0.02760170562	0.02633088341	0.01942359045	0.03798864898	0.03612798081
0.03997906123	0.03111331519	0.03175652535	0.02234916881	0.02163144376	0.02043382247	0.03211812178	0.02556365131	0.0288014886	0.02175139662	0.02704271678	0.02840195655	0.0269344625	0.01908026246	0.03887706315	0.03738515467
0.04168722396	0.03186778905	0.03207272619	0.02282898027	0.02141781745	0.01976751185	0.03318286242	0.02527796852	0.03003746938	0.02228291922	0.02699863517	0.02919033934	0.02700821444	0.01888019972	0.03999181947	0.03809300374
0.04324788281	0.03231284386	0.03252286734	0.02389287319	0.02233420649	0.01961916025	0.03443749311	0.02607398082	0.03099200597	0.02272034451	0.02787263803	0.0295828353	0.02759907768	0.01891749955	0.04102604206	0.03888986377
0.04440417758	0.03249595212	0.03290264744	0.02409124047	0.02281401795	0.0198056594	0.03456634707	0.0255594127	0.03118952553	0.02254232259	0.02800573061	0.02921238015	0.0271226571	0.01942019955	0.04154654426	0.03832697541
0.04351237252	0.03245610912	0.03257457847	0.02402172715	0.02292167883	0.02033294338	0.03446546799	0.02633762281	0.02988233599	0.02178530556	0.02803540093	0.02870544154	0.02756940736	0.01957618067	0.04119473903	0.03840920458
0.04294609327	0.03138543442	0.03218801658	0.02345629562	0.02254274645	0.02015831235	0.03381356866	0.02605109229	0.02892186533	0.02161236998	0.0271698753	0.02824173682	0.02669540449	0.0197872638	0.04028428406	0.03760471504
0.04165416275	0.03037749125	0.03183112501	0.02341475717	0.02210362571	0.0197115621	0.03284631622	0.02528051169	0.02827590007	0.02210913592	0.02669938879	0.02779244339	0.02647838729	0.0193532294	0.03856171003	0.03704436984
0.04039614116	0.03002314285	0.03196506532	0.02357158601	0.02172469334	0.0191690191	0.03191212499	0.02400723108	0.0284072972	0.02208200877	0.02628400431	0.02752710596	0.02621559302	0.01932186364	0.0376673618	0.03636025703
0.03927968939	0.03050888838	0.03237705891	0.02334524385	0.02209090986	0.01972088706	0.0315543857	0.02398858117	0.02841662216	0.02208794283	0.02604664174	0.02763391911	0.0264207421	0.01946767207	0.03667298221	0.03594402482
0.03894399091	0.02971118062	0.03176245942	0.02344781838	0.02287929266	0.02011507846	0.03093385214	0.02437768622	0.02818519366	0.02147758195	0.02639675152	0.02750506515	0.02656400736	0.01970079601	0.03644918322	0.03520650543
0.03898892025	0.02861253105	0.03101561507	0.02289171181	0.02299797394	0.02017696227	0.03015140341	0.02481511152	0.02794613565	0.02170901045	0.02605427125	0.02705068538	0.02633596975	0.01989662013	0.03596937175	0.03437997508
0.03857862211	0.02818273526	0.03062311911	0.02285441198	0.02251731475	0.01996333596	0.02976314607	0.02478798437	0.02732729754	0.02178276239	0.02572705001	0.02656070124	0.0255891254	0.01946936751	0.03564130278	0.03427824826
0.03804031773	0.02827768029	0.03033150225	0.02263230844	0.02195188322	0.02002182888	0.02945033612	0.02458113985	0.02708908726	0.02164288802	0.0247792952	0.02635046582	0.02557386638	0.01937781338	0.03586594949	0.03357972415
0.03706204488	0.028382798	0.03040864508	0.0226636742	0.0215136102	0.01963526699	0.02928587778	0.02492277239	0.02697549232	0.02158863372	0.02472758407	0.02698880157	0.02478802675	0.01918029382	0.03515047091	0.03350173359
0.03633385044	0.02757830845	0.02941172232	0.02211180624	0.02127455219	0.01911815569	0.02834575248	0.02446500174	0.02681696803	0.02094012529	0.02446309436	0.02676669803	0.02537126048	0.01931762502	0.03490463111	0.0327820164
0.03564634674	0.02747488619	0.02910738961	0.0214590592	0.02107364174	0.01871040072	0.02890779312	0.0243768385	0.02668980952	0.02054593389	0.02452921679	0.0266641235	0.02485160601	0.01897429703	0.03392127192	0.03275658469
0.03603460407	0.02719683291	0.02787479973	0.0213361393	0.02135678136	0.01930211168	0.02876876648	0.02415558268	0.02620067309	0.02049930911	0.02454532353	0.02575451625	0.02505590736	0.01883018404	0.03392381509	0.03266248739
0.03655849716	0.02813102413	0.02799856735	0.02210248129	0.02161788018	0.01985737053	0.02907903326	0.02424798454	0.02660758034	0.0208935005	0.02472673635	0.02576977527	0.02484991057	0.01863096903	0.03338551071	0.03252769936
0.03655510626	0.02853962683	0.02800874003	0.02256279511	0.02163907327	0.02068390088	0.02821350763	0.02435479769	0.02671185033	0.02190907318	0.02459194832	0.02608682383	0.02512542068	0.01912773497	0.03357116214	0.03267774641
0.03584301857	0.02808948569	0.02831052957	0.02237629596	0.02155260548	0.0202252825	0.02815501471	0.02333244322	0.02670422082	0.02179802141	0.02451311004	0.02599187881	0.02530429033	0.0192447208	0.03304726906	0.03210129447
0.03469096242	0.02714003543	0.02770610276	0.02191767758	0.02139238575	0.01974377559	0.02766163967	0.02288823614	0.02653043751	0.02142247993	0.02443766266	0.0254527267	0.02485075829	0.01916333935	0.03274547951	0.03105944237
0.03422132364	0.02629061655	0.02691348135	0.02162606071	0.02122453651	0.01940977256	0.02760653764	0.02241012012	0.0257234048	0.0205171113	0.02458347109	0.02495511304	0.02443367836	0.01883527038	0.03170277969	0.03046094962
0.03335071166	0.02690945466	0.0266515348	0.02147686139	0.02147461492	0.01915545552	0.02731661623	0.02287721574	0.0255318193	0.02015259022	0.02436051982	0.0245049719	0.02408695947	0.01853008994	0.03097797615	0.02940553394
0.03270559413	0.02702813594	0.02684820664	0.02156332918	0.02182642015	0.0194547019	0.02670032129	0.02246437442	0.02451878979	0.01993302985	0.02420114782	0.02463043497	0.02374532692	0.01860129871	0.03051766232	0.02930550257
0.03145350661	0.02724600086	0.02680412502	0.02188461636	0.0216619618	0.01857052635	0.02630697761	0.02225668218	0.02478243178	0.01996439562	0.02355348711	0.02434390444	0.02345625323	0.01834189534	0.03090507193	0.02922751202
0.03074480981	0.02597526343	0.02672867764	0.02203551113	0.02112450514	0.01934110696	0.02590769987	0.02251184694	0.0249460424	0.02000254317	0.02289904462	0.02501530141	0.02345286234	0.01807401473	0.03093898087	0.02898930173
0.03049557912	0.02556242212	0.02659812823	0.02154383154	0.02061163246	0.01922751202	0.025959411	0.02304252181	0.02510456669	0.02015089477	0.02263964124	0.02443969719	0.02385129235	0.01795872435	0.03076774073	0.02848744945
0.03052694489	0.0253521867	0.02636330883	0.02113607657	0.02049295118	0.01939875215	0.02568898722	0.02306795351	0.02450183532	0.01996100472	0.02285326755	0.02388952468	0.02392080568	0.01774933666	0.02995392623	0.02813733967
0.03017853056	0.02580317557	0.02597250833	0.02061048803	0.02078880666	0.01857730814	0.02538380679	0.02193369955	0.02390164713	0.01970923086	0.02274730212	0.02334867713	0.02318922035	0.01786208387	0.02952497817	0.02842726109
0.02947746327	0.02581843459	0.02595809703	0.0201679764	0.02035646771	0.0180440901	0.02579325721	0.02125636852	0.02339979485	0.01939133457	0.02269982961	0.02332154998	0.02265854548	0.01785191119	0.02926218391	0.02833401151
0.02906123106	0.02503089952	0.02597250833	0.01952370659	0.01978171121	0.0188545137	0.02621881437	0.02134198859	0.02339386079	0.01953544756	0.02243618762	0.02354789214	0.02220670888	0.01792311996	0.02897141477	0.02773212787
0.02894509295	0.02513601723	0.02584450209	0.0200196248	0.01933496096	0.01902914473	0.02653247205	0.02205407628	0.02319803667	0.02005086341	0.02267694107	0.02350550596	0.02246865543	0.01741194273	0.02859502556	0.02745322686
0.02833134118	0.02478845062	0.02532993396	0.02053843154	0.01925103634	0.01876126413	0.02606537643	0.02248471979	0.02347608996	0.01986097336	0.02256758475	0.02369793918	0.02230419708	0.0175229945	0.02776764748	0.02747865856
0.02810076041	0.02455024033	0.0247238117	0.0210072226	0.0198029043	0.01794575418	0.02514305333	0.02220412333	0.02312852335	0.01982367352	0.02230818138	0.02388359062	0.02254325509	0.01778155015	0.02713778897	0.02723620966
0.02761925349	0.02439256377	0.02459411002	0.02058251316	0.01910268474	0.01780672753	0.02460983529	0.0220693353	0.0225986962	0.01916499241	0.02184193349	0.02306892839	0.0222796131	0.01824101625	0.02643587396	0.02663263057
0.02796597238	0.02423064859	0.02468142553	0.02052910658	0.01951552605	0.01855357188	0.02433856379	0.0213750498	0.02248171037	0.01963547892	0.02193772624	0.02267643244	0.02209904801	0.01836393615	0.02686736519	0.0262392869
0.02800072904	0.02445275213	0.02483910209	0.02037227775	0.01963505506	0.01871379161	0.02454116969	0.02144032451	0.02260293482	0.01988216644	0.02204877801	0.02235599298	0.02201003705	0.018336809	0.02725392708	0.02627489128
0.02833981842	0.02381356866	0.02485181794	0.02003657927	0.01966218221	0.01885536143	0.02494044743	0.02140472012	0.02279960666	0.02000932496	0.02249383281	0.02283495672	0.02153022558	0.01812911676	0.02745398981	0.02642578605
0.02803379026	0.02370590778	0.0246729483	0.01958898129	0.01957317125	0.01837724541	0.02491247256	0.02196845621	0.02251985792	0.01941167993	0.0222039114	0.02308503514	0.02122758831	0.01774679349	0.0272437544	0.02657668082
0.02727677323	0.02377711655	0.02492048354	0.01924904419	0.01954519638	0.01782876834	0.02460559667	0.02181417055	0.022341836	0.01855717471	0.0218241313	0.02274594576	0.02110297297	0.01741024728	0.02654014394	0.02594597459
0.02701313124	0.02388901605	0.02516378017	0.01955507235	0.02037766079	0.01738540898	0.0242631164	0.02138013614	0.0223528564	0.01866483558	0.02156557565	0.02265100074	0.02109195256	0.01724239804	0.02670629774	0.02562129651
0.02698261319	0.02378898468	0.02463649619	0.01977463272	0.01978934073	0.01734302281	0.02415630325	0.02080622738	0.02234946551	0.01898188415	0.02181395861	0.02200164458	0.0212996448	0.01728817511	0.02647910786	0.02528644575
0.02761077626	0.02349567237	0.02405665336	0.01993400473	0.019788493	0.01757614676	0.02466324186	0.0205502149	0.02270466163	0.0191463425	0.02209455507	0.02249162873	0.02068165442	0.01772644812	0.02702249858	0.02532967965
0.02744716564	0.02356942431	0.02399053093	0.02002810203	0.01924764545	0.01737777947	0.02429787306	0.02061294643	0.02255376686	0.01900053407	0.02187245153	0.02259250782	0.02125386774	0.01810029416	0.02666899791	0.02510927155
0.02720217356	0.02334901622	0.02417363919	0.01973818062	0.01976899536	0.01708277172	0.02384010241	0.02096051304	0.02305222824	0.01882335987	0.02170375457	0.023416495	0.02147427583	0.01800026279	0.02677326789	0.02467184626
0.02682917525	0.02334392988	0.02424400024	0.01988144588	0.01940277884	0.01713956919	0.02333062062	0.02135216127	0.02228419081	0.01928791231	0.02153760077	0.02259589871	0.02186846723	0.01738057696	0.02589417868	0.02459131253
0.02663758975	0.02293702263	0.02369043683	0.01991450709	0.01931037698	0.01754393327	0.02360697846	0.02179636835	0.02283182015	0.01904461568	0.02176309521	0.02294346532	0.02148190534	0.01738227241	0.02590096047	0.02508892619
0.02683850021	0.02326933021	0.02404817612	0.02000860439	0.01903825776	0.01789658622	0.02413595789	0.02141489281	0.02224519553	0.01922263761	0.02157998695	0.02258318286	0.02108347533	0.01748399922	0.02542538762	0.02524914592
0.02726575282	0.02299297237	0.02360651221	0.01956100642	0.01920102066	0.01797372905	0.02428346176	0.02118770292	0.02259276214	0.01882675076	0.02168764782	0.0229570289	0.02174300416	0.01761454863	0.02583907666	0.02550431067
0.02730390038	0.02348041335	0.02408462823	0.01877855768	0.01979866568	0.01808817171	0.02427837542	0.02066465756	0.02281401795	0.01930995312	0.0217953087	0.02248739011	0.02245000551	0.01747382654	0.0258695947	0.02566113951
0.02694022702	0.02347532701	0.02411938489	0.01875990777	0.02013351644	0.01860697846	0.02406729229	0.0209155837	0.02316582318	0.019074286	0.02144943754	0.02264167578	0.02278570399	0.01722544357	0.02603490077	0.02585102956
0.02634003883	0.0231133491	0.02434233616	0.01850219984	0.01955960767	0.01841030662	0.02356967863	0.02070619601	0.02345320143	0.01862329714	0.02061527767	0.02247552199	0.0226161593	0.01748739011	0.02637992421	0.02578490713
0.02643244068	0.0226682943	0.02399053093	0.01890656392	0.01902130329	0.01782283428	0.02353492197	0.02039169061	0.02314293465	0.01816044014	0.02013037986	0.02243313581	0.0221821249	0.01755436027	0.02598912371	0.0249083611
0.02627306867	0.0227479803	0.02343527208	0.01911510389	0.01874070683	0.01721840747	0.02345862686	0.02038829972	0.02322770699	0.01868687639	0.02059069369	0.0221432144	0.02243983283	0.01776120478	0.02609085052	0.02473033917
0.02568644405	0.02281579817	0.02324707747	0.01891843205	0.01878987479	0.01727520494	0.0234382815	0.02015771895	0.02264786416	0.01889541636	0.02110695727	0.02230936819	0.021397133	0.01728054559	0.02509816637	0.02440989971
0.02485567508	0.0232218577	0.02280032722	0.01848694082	0.01881784966	0.01761853293	0.0232322847	0.02070873918	0.02200359435	0.0191717742	0.02091621949	0.02201266499	0.02114196824	0.01728478421	0.02551015997	0.02460233293
0.02453862652	0.02268185787	0.02273759569	0.01791896612	0.01888312437	0.01788726126	0.02280672753	0.02041966549	0.02127370447	0.01850970219	0.02014648661	0.02173630715	0.02101565745	0.01690161322	0.0251532684	0.02461165789
0.02434788874	0.02281495045	0.02261298034	0.0178460619	0.01879835203	0.01799661758	0.02270839161	0.02027216161	0.02098039216	0.01864703339	0.02049829184	0.0217057891	0.02130727431	0.01677615015	0.02469380229	0.0247023643
0.02471495299	0.02175275298	0.0222967795	0.01819278079	0.01860507108	0.01799576986	0.02181658656	0.01993137679	0.02099395573	0.01821045582	0.02094080347	0.0214090859	0.02111653654	0.01717458017	0.02404868476	0.02443024508
0.02457592635	0.02099234506	0.02203822385	0.01828603037	0.01828547935	0.01759733984	0.02194883141	0.01990933598	0.02042174241	0.01820536948	0.02137822877	0.02058594644	0.02071556335	0.01697451743	0.02350529403	0.02377495486
0.02395539279	0.02041250223	0.02207467596	0.01871328298	0.01827530666	0.01735404322	0.02173435738	0.02002716954	0.02003348508	0.01798411366	0.02052796216	0.02040622907	0.02032815374	0.01719831642	0.02357904597	0.0231255987
0.02316192365	0.02042013174	0.0219822741	0.01801730204	0.01832871324	0.01730826615	0.02159533074	0.01937442249	0.01968167985	0.01768656274	0.01959207548	0.01954748523	0.01985512406	0.01671596178	0.02283389707	0.02233636818
0.02300933344	0.02072446445	0.02136597916	0.01796728635	0.01849062842	0.01779994575	0.0210332901	0.01935916347	0.01963505506	0.01738223002	0.01920297042	0.01960173953	0.01939650568	0.01737379517	0.02259907768	0.02218293024
0.02301187661	0.0202777142	0.02092770615	0.01774433509	0.01886532218	0.01811445114	0.02074336868	0.0187420208	0.01935700177	0.01721014216	0.01876978375	0.01904817612	0.0189124556	0.01742720175	0.02260585946	0.02185062265
0.02268126446	0.0201115604	0.02024698422	0.01815632868	0.01824563634	0.0177694277	0.02073573917	0.01853602401	0.01878224528	0.01712028348	0.01912667531	0.01956274425	0.01908793435	0.01688804964	0.02223370887	0.02201423328
0.02243881556	0.0199089545	0.02028258861	0.01816565364	0.017658164	0.01763718285	0.02048820393	0.01786462704	0.01849825793	0.0170956995	0.01897917144	0.0197272026	0.01873273823	0.01620393683	0.02197854412	0.02177687071
0.02243542467	0.02013021032	0.01998673313	0.01810037893	0.0166273323	0.01685558184	0.02031272518	0.0176281122	0.01869408204	0.0172983054	0.0194191399	0.01930842722	0.01943126235	0.01562833261	0.02151144851	0.02193454727
0.02272025974	0.01986572061	0.02052758068	0.01798508854	0.01691131965	0.01705479684	0.02044920865	0.01792481541	0.01872799098	0.01780693946	0.01920466587	0.01958393734	0.01920068157	0.01588434509	0.02149449404	0.02183875452
0.02224807779	0.01974449616	0.02040211761	0.01809614032	0.017035935	0.01682506379	0.02073404373	0.01815030984	0.0192493409	0.01753142935	0.01958529369	0.01981790901	0.01914134093	0.01659558506	0.02142837161	0.02248132889